1
2
3
4
5
6
7
8
9
10
11
12
13
14
15
16
17
18
19
20
21
22
23
24
25
26
27
28
29
30
31
32
33
34
35
36
37
38
39
40
41
42
43
44
45
46
47
48
49
50
51
52
53
54
55
56
57
58
59
60
61
62
63
64
65
66
67
68
69
70
71
72
73
74
75
76
77
78
79
80
81
82
83
84
85
86
87
88
89
90
91
92
93
94
95
96
97
98
99
100
101
102
103
104
105
106
107
108
109
110
111
112
113
114
115
116
117
118
119
120
121
122
123
124
125
126
127
128
129
130
131
132
133
134
135
136
137
138
139
140
141
142
143
144
145
146
147
148
149
150
151
152
153
154
155
156
157
158
159
160
161
162
163
164
165
166
167
168
169
170
171
172
173
174
175
176
177
178
179
180
181
182
183
184
185
186
187
188
189
190
191
192
193
194
195
196
197
198
199
200
201
202
203
204
205
206
207
208
209
210
211
212
213
214
215
216
217
218
219
220
221
222
223
224
225
226
227
228
229
230
231
232
233
234
235
236
237
238
239
240
241
242
243
244
245
246
247
248
249
250
251
252
253
254
255
256
257
258
259
260
261
262
263
264
265
266
267
268
269
270
271
272
273
274
275
276
277
278
279
280
281
282
283
284
285
286
287
288
289
290
291
292
293
294
295
296
297
298
299
300
301
302
303
304
305
306
307
308
309
310
311
312
313
314
315
316
317
318
319
320
321
322
323
324
325
326
327
328
329
330
331
332
333
334
335
336
337
338
339
340
341
342
343
344
345
346
347
348
349
350
351
352
353
354
355
356
357
358
359
360
361
362
363
364
365
366
367
368
369
370
371
372
373
374
375
376
377
378
379
380
381
382
383
384
385
386
387
388
389
390
391
392
393
394
395
396
397
398
399
400
401
402
403
404
405
406
407
408
409
410
411
412
413
414
415
416
417
418
419
420
421
422
423
424
425
426
427
428
429
430
431
432
433
434
435
436
437
438
439
440
441
442
443
444
445
446
447
448
449
450
451
452
453
454
455
456
457
458
459
460
461
462
463
464
465
466
467
468
469
470
471
472
473
474
475
476
477
478
479
480
481
482
483
484
485
486
487
488
489
490
491
492
493
494
495
496
497
498
499
500
501
502
503
504
505
506
507
508
509
510
511
512
513
514
515
516
517
518
519
520
521
522
523
524
525
526
527
528
529
530
531
532
533
534
535
536
537
538
539
540
541
542
543
544
545
546
547
548
549
550
551
552
553
554
555
556
557
558
559
560
561
562
563
564
565
566
567
568
569
570
571
572
573
574
575
576
577
578
579
580
581
582
583
584
585
586
587
588
589
590
591
592
593
594
595
596
597
598
599
600
601
602
603
604
605
606
607
608
609
610
611
612
613
614
615
616
617
618
619
620
621
622
623
624
625
626
627
628
629
630
631
632
633
634
635
636
637
638
639
640
641
642
643
644
645
646
647
648
649
650
651
652
653
654
655
656
657
658
659
660
661
662
663
664
665
666
667
668
669
670
671
672
673
674
675
676
677
678
679
680
681
682
683
684
685
686
687
688
689
690
691
692
693
694
695
696
697
698
699
700
701
702
703
704
705
706
707
708
709
710
711
712
713
714
715
716
717
718
719
720
721
722
723
724
725
726
727
728
729
730
731
732
733
734
735
736
737
738
739
740
741
742
743
744
745
746
747
748
749
750
751
752
753
754
755
756
757
758
759
760
761
762
763
764
765
766
767
768
769
770
771
772
773
774
775
776
777
778
779
780
781
782
783
784
785
786
787
788
789
790
791
792
793
794
795
796
797
798
799
800
801
802
803
804
805
806
807
808
809
810
811
812
813
814
815
816
817
818
819
820
821
822
823
824
825
826
827
828
829
830
831
832
833
834
835
836
837
838
839
840
841
842
843
844
845
846
847
848
849
850
851
852
853
854
855
856
857
858
859
860
861
862
863
864
865
866
867
868
869
870
871
872
873
874
875
876
877
878
879
880
881
882
883
884
885
886
887
888
889
890
891
892
893
894
895
896
897
898
899
900
901
902
903
904
905
906
907
908
909
910
911
912
913
914
915
916
917
918
919
920
921
922
923
924
925
926
927
928
929
930
931
932
933
934
935
936
937
938
939
940
941
942
943
944
945
946
947
948
949
950
951
952
953
954
955
956
957
958
959
960
961
962
963
964
965
966
967
968
969
970
971
972
973
974
975
976
977
978
979
980
981
982
983
984
985
986
987
988
989
990
991
992
993
994
995
996
997
998
999
1000
1001
1002
1003
1004
1005
1006
1007
1008
1009
1010
1011
1012
1013
1014
1015
1016
1017
1018
1019
1020
1021
1022
1023
1024
1025
1026
1027
1028
1029
1030
1031
1032
1033
1034
1035
1036
1037
1038
1039
1040
1041
1042
1043
1044
1045
1046
1047
1048
1049
1050
1051
1052
1053
1054
1055
1056
1057
1058
1059
1060
1061
1062
1063
1064
1065
1066
1067
1068
1069
1070
1071
1072
1073
1074
1075
1076
1077
1078
1079
1080
1081
1082
1083
1084
1085
1086
1087
1088
1089
1090
1091
1092
1093
1094
1095
1096
1097
1098
1099
1100
1101
1102
1103
1104
1105
1106
1107
1108
1109
1110
1111
1112
1113
1114
1115
1116
1117
1118
1119
1120
1121
1122
1123
1124
1125
1126
1127
1128
1129
1130
1131
1132
1133
1134
1135
1136
1137
1138
1139
1140
1141
1142
1143
1144
1145
1146
1147
1148
1149
1150
1151
1152
1153
1154
1155
1156
1157
1158
1159
1160
1161
1162
1163
1164
1165
1166
1167
1168
1169
1170
1171
1172
1173
1174
1175
1176
1177
1178
1179
1180
1181
1182
1183
1184
1185
1186
1187
1188
1189
1190
1191
1192
1193
1194
1195
1196
1197
1198
1199
1200
1201
1202
1203
1204
1205
1206
1207
1208
1209
1210
1211
1212
1213
1214
1215
1216
1217
1218
1219
1220
1221
1222
1223
1224
1225
1226
1227
1228
1229
1230
1231
1232
1233
1234
1235
1236
1237
1238
1239
1240
1241
1242
1243
1244
1245
1246
1247
1248
1249
1250
1251
1252
1253
1254
1255
1256
1257
1258
1259
1260
1261
1262
1263
1264
1265
1266
1267
1268
1269
1270
1271
1272
1273
1274
1275
1276
1277
1278
1279
1280
1281
1282
1283
1284
1285
1286
1287
1288
1289
1290
1291
1292
1293
1294
1295
1296
1297
1298
1299
1300
1301
1302
1303
1304
1305
1306
1307
1308
1309
1310
1311
1312
1313
1314
1315
1316
1317
1318
1319
1320
1321
1322
1323
1324
1325
1326
1327
1328
1329
1330
1331
1332
1333
1334
1335
1336
1337
1338
1339
1340
1341
1342
1343
1344
1345
1346
1347
1348
1349
1350
1351
1352
1353
1354
1355
1356
1357
1358
1359
1360
1361
1362
1363
1364
1365
1366
1367
1368
1369
1370
1371
1372
1373
1374
1375
1376
1377
1378
1379
1380
1381
1382
1383
1384
1385
1386
1387
1388
1389
1390
1391
1392
1393
1394
1395
1396
1397
1398
1399
1400
1401
1402
1403
1404
1405
1406
1407
1408
1409
1410
1411
1412
1413
1414
1415
1416
1417
1418
1419
1420
1421
1422
1423
1424
1425
1426
1427
1428
1429
1430
1431
1432
1433
1434
1435
1436
1437
1438
1439
1440
1441
1442
1443
1444
1445
1446
1447
1448
1449
1450
1451
1452
1453
1454
1455
1456
1457
1458
1459
1460
1461
1462
1463
1464
1465
1466
1467
1468
1469
1470
1471
1472
1473
1474
1475
1476
1477
1478
1479
1480
1481
1482
1483
1484
1485
1486
1487
1488
1489
1490
1491
1492
1493
1494
1495
1496
1497
1498
1499
1500
1501
1502
1503
1504
1505
1506
1507
1508
1509
1510
1511
1512
1513
1514
1515
1516
1517
1518
1519
1520
1521
1522
1523
1524
1525
1526
1527
1528
1529
1530
1531
1532
1533
1534
1535
1536
1537
1538
1539
1540
1541
1542
1543
1544
1545
1546
1547
1548
1549
1550
1551
1552
1553
1554
1555
1556
1557
1558
1559
1560
1561
1562
1563
1564
1565
1566
1567
1568
1569
1570
1571
1572
1573
1574
1575
1576
1577
1578
1579
1580
1581
1582
1583
1584
1585
1586
1587
1588
1589
1590
1591
1592
1593
1594
1595
1596
1597
1598
1599
1600
1601
1602
1603
1604
1605
1606
1607
1608
1609
1610
1611
1612
1613
1614
1615
1616
1617
1618
1619
1620
1621
1622
1623
1624
1625
1626
1627
1628
1629
1630
1631
1632
1633
1634
1635
1636
1637
1638
1639
1640
1641
1642
1643
1644
1645
1646
1647
1648
1649
1650
1651
1652
1653
1654
1655
1656
1657
1658
1659
1660
1661
1662
1663
1664
1665
1666
1667
1668
1669
1670
1671
1672
1673
1674
1675
1676
1677
1678
1679
1680
1681
1682
1683
1684
1685
1686
1687
1688
1689
1690
1691
1692
1693
1694
1695
1696
1697
1698
1699
1700
1701
1702
1703
1704
1705
1706
1707
1708
1709
1710
1711
1712
1713
1714
1715
1716
1717
1718
1719
1720
1721
1722
1723
1724
1725
1726
1727
1728
1729
1730
1731
1732
1733
1734
1735
1736
1737
1738
1739
1740
1741
1742
1743
1744
1745
1746
1747
1748
1749
1750
1751
1752
1753
1754
1755
1756
1757
1758
1759
1760
1761
1762
1763
1764
1765
1766
1767
1768
1769
1770
1771
1772
1773
1774
1775
1776
1777
1778
1779
1780
1781
1782
1783
1784
1785
1786
1787
1788
1789
1790
1791
1792
1793
1794
1795
1796
1797
1798
1799
1800
1801
1802
1803
1804
1805
1806
1807
1808
1809
1810
1811
1812
1813
1814
1815
1816
1817
1818
1819
1820
1821
1822
1823
1824
1825
1826
1827
1828
1829
1830
1831
1832
1833
1834
1835
1836
1837
1838
1839
1840
1841
1842
1843
1844
1845
1846
1847
1848
1849
1850
1851
1852
1853
1854
1855
1856
1857
1858
1859
1860
1861
1862
1863
1864
1865
1866
1867
1868
1869
1870
1871
1872
1873
1874
1875
1876
1877
1878
1879
1880
1881
1882
1883
1884
1885
1886
1887
1888
1889
1890
1891
1892
1893
1894
1895
1896
1897
1898
1899
1900
1901
1902
1903
1904
1905
1906
1907
1908
1909
1910
1911
1912
1913
1914
1915
1916
1917
1918
1919
1920
1921
1922
1923
1924
1925
1926
1927
1928
1929
1930
1931
1932
1933
1934
1935
1936
1937
1938
1939
1940
1941
1942
1943
1944
1945
1946
1947
1948
1949
1950
1951
1952
1953
1954
1955
1956
1957
1958
1959
1960
1961
1962
1963
1964
1965
1966
1967
1968
1969
1970
1971
1972
1973
1974
1975
1976
1977
1978
1979
1980
1981
1982
1983
1984
1985
1986
1987
1988
1989
1990
1991
1992
1993
1994
1995
1996
1997
1998
1999
2000
2001
2002
2003
2004
2005
2006
2007
2008
2009
2010
2011
2012
2013
2014
2015
2016
2017
2018
2019
2020
2021
2022
2023
2024
2025
2026
2027
2028
2029
2030
2031
2032
2033
2034
2035
2036
2037
2038
2039
2040
2041
2042
2043
2044
2045
2046
2047
2048
2049
2050
2051
2052
2053
2054
2055
2056
2057
2058
2059
2060
2061
2062
2063
2064
2065
2066
2067
2068
2069
2070
2071
2072
2073
2074
2075
2076
2077
2078
2079
2080
2081
2082
2083
2084
2085
2086
2087
2088
2089
2090
2091
2092
2093
2094
2095
2096
2097
2098
2099
2100
2101
2102
2103
2104
2105
2106
2107
2108
2109
2110
2111
2112
2113
2114
2115
2116
2117
2118
2119
2120
2121
2122
2123
2124
2125
2126
2127
2128
2129
2130
2131
2132
2133
2134
2135
2136
2137
2138
2139
2140
2141
2142
2143
2144
2145
2146
2147
2148
2149
2150
2151
2152
2153
2154
2155
2156
2157
2158
2159
2160
2161
2162
2163
2164
2165
2166
2167
2168
2169
2170
2171
2172
2173
2174
2175
2176
2177
2178
2179
2180
2181
2182
2183
2184
2185
2186
2187
2188
2189
2190
2191
2192
2193
2194
2195
2196
2197
2198
2199
2200
2201
2202
2203
2204
2205
2206
2207
2208
2209
2210
2211
2212
2213
2214
2215
2216
2217
2218
2219
2220
2221
2222
2223
2224
2225
2226
2227
2228
2229
2230
2231
2232
2233
2234
2235
2236
2237
2238
2239
2240
2241
2242
2243
2244
2245
2246
2247
2248
2249
2250
2251
2252
2253
2254
2255
2256
2257
2258
2259
2260
2261
2262
2263
2264
2265
2266
2267
2268
2269
2270
2271
2272
2273
2274
2275
2276
2277
2278
2279
2280
2281
2282
2283
2284
2285
2286
2287
2288
2289
2290
2291
2292
2293
2294
2295
2296
2297
2298
2299
2300
2301
2302
2303
2304
2305
2306
2307
2308
2309
2310
2311
2312
2313
2314
2315
2316
2317
2318
2319
2320
2321
2322
2323
2324
2325
2326
2327
2328
2329
2330
2331
2332
2333
2334
2335
2336
2337
2338
2339
2340
2341
2342
2343
2344
2345
2346
2347
2348
2349
2350
2351
2352
2353
2354
2355
2356
2357
2358
2359
2360
2361
2362
2363
2364
2365
2366
2367
2368
2369
2370
2371
2372
2373
2374
2375
2376
2377
2378
2379
2380
2381
2382
2383
2384
2385
2386
2387
2388
2389
2390
2391
2392
2393
2394
2395
2396
2397
2398
2399
2400
2401
2402
2403
2404
2405
2406
2407
2408
2409
2410
2411
2412
2413
2414
2415
2416
2417
2418
2419
2420
2421
2422
2423
2424
2425
2426
2427
2428
2429
2430
2431
2432
2433
2434
2435
2436
2437
2438
2439
2440
2441
2442
2443
2444
2445
2446
2447
2448
2449
2450
2451
2452
2453
2454
2455
2456
2457
2458
2459
2460
2461
2462
2463
2464
2465
2466
2467
2468
2469
2470
2471
2472
2473
2474
2475
2476
2477
2478
2479
2480
2481
2482
2483
2484
2485
2486
2487
2488
2489
2490
2491
2492
2493
2494
2495
2496
2497
2498
2499
2500
2501
2502
2503
2504
2505
2506
2507
2508
2509
2510
2511
2512
2513
2514
2515
2516
2517
2518
2519
2520
2521
2522
2523
2524
2525
2526
2527
2528
2529
2530
2531
2532
2533
2534
2535
2536
2537
2538
2539
2540
2541
2542
2543
2544
2545
2546
2547
2548
2549
2550
2551
2552
2553
2554
2555
2556
2557
2558
2559
2560
2561
2562
2563
2564
2565
2566
2567
2568
2569
2570
2571
2572
2573
2574
2575
2576
2577
2578
2579
2580
2581
2582
2583
2584
2585
2586
2587
2588
2589
2590
2591
2592
2593
2594
2595
2596
2597
2598
2599
2600
2601
2602
2603
2604
2605
2606
2607
2608
2609
2610
2611
2612
2613
2614
2615
2616
2617
2618
2619
2620
2621
2622
2623
2624
2625
2626
2627
2628
2629
2630
2631
2632
2633
2634
2635
2636
2637
2638
2639
2640
2641
2642
2643
2644
2645
2646
2647
2648
2649
2650
2651
2652
2653
2654
2655
2656
2657
2658
2659
2660
2661
2662
2663
2664
2665
2666
2667
2668
2669
2670
2671
2672
2673
2674
2675
2676
2677
2678
2679
2680
2681
2682
2683
2684
2685
2686
2687
2688
2689
2690
2691
2692
2693
2694
2695
2696
2697
2698
2699
2700
2701
2702
2703
2704
2705
2706
2707
2708
2709
2710
2711
2712
2713
2714
2715
2716
2717
2718
2719
2720
2721
2722
2723
2724
2725
2726
2727
2728
2729
2730
2731
2732
2733
2734
2735
2736
2737
2738
2739
2740
2741
2742
2743
2744
2745
2746
2747
2748
2749
2750
2751
2752
2753
2754
2755
2756
2757
2758
2759
2760
2761
2762
2763
2764
2765
2766
2767
2768
2769
2770
2771
2772
2773
2774
2775
2776
2777
2778
2779
2780
2781
2782
2783
2784
2785
2786
2787
2788
2789
2790
2791
2792
2793
2794
2795
2796
2797
2798
2799
2800
2801
2802
2803
2804
2805
2806
2807
2808
2809
2810
2811
2812
2813
2814
2815
2816
2817
2818
2819
2820
2821
2822
2823
2824
2825
2826
2827
2828
2829
2830
2831
2832
2833
2834
2835
2836
2837
2838
2839
2840
2841
2842
2843
2844
2845
2846
2847
2848
2849
2850
2851
2852
2853
2854
2855
2856
2857
2858
2859
2860
2861
2862
2863
2864
2865
2866
2867
2868
2869
2870
2871
2872
2873
2874
2875
2876
2877
2878
2879
2880
2881
2882
2883
2884
2885
2886
2887
2888
2889
2890
2891
2892
2893
2894
2895
2896
2897
2898
2899
2900
2901
2902
2903
2904
2905
2906
2907
2908
2909
2910
2911
2912
2913
2914
2915
2916
2917
2918
2919
2920
2921
2922
2923
2924
2925
2926
2927
2928
2929
2930
2931
2932
2933
2934
2935
2936
2937
2938
2939
2940
2941
2942
2943
2944
2945
2946
2947
2948
2949
2950
2951
2952
2953
2954
2955
2956
2957
2958
2959
2960
2961
2962
2963
2964
2965
2966
2967
2968
2969
2970
2971
2972
2973
2974
2975
2976
2977
2978
2979
2980
2981
2982
2983
2984
2985
2986
2987
2988
2989
2990
2991
2992
2993
2994
2995
2996
2997
2998
2999
3000
3001
3002
3003
3004
3005
3006
3007
3008
3009
3010
3011
3012
3013
3014
3015
3016
3017
3018
3019
3020
3021
3022
3023
3024
3025
3026
3027
3028
3029
3030
3031
3032
3033
3034
3035
3036
3037
3038
3039
3040
3041
3042
3043
3044
3045
3046
3047
3048
3049
3050
3051
3052
3053
3054
3055
3056
3057
3058
3059
3060
3061
3062
3063
3064
3065
3066
3067
3068
3069
3070
3071
3072
3073
3074
3075
3076
3077
3078
3079
3080
3081
3082
3083
3084
3085
3086
3087
3088
3089
3090
3091
3092
3093
3094
3095
3096
3097
3098
3099
3100
3101
3102
3103
3104
3105
3106
3107
3108
3109
3110
3111
3112
3113
3114
3115
3116
3117
3118
3119
3120
3121
3122
3123
3124
3125
3126
3127
3128
3129
3130
3131
3132
3133
3134
3135
3136
3137
3138
3139
3140
3141
3142
3143
3144
3145
3146
3147
3148
3149
3150
3151
3152
3153
3154
3155
3156
3157
3158
3159
3160
3161
3162
3163
3164
3165
3166
3167
3168
3169
3170
3171
3172
3173
3174
3175
3176
3177
3178
3179
3180
3181
3182
3183
3184
3185
3186
3187
3188
3189
3190
3191
3192
3193
3194
3195
3196
3197
3198
3199
3200
3201
3202
3203
3204
3205
3206
3207
3208
3209
3210
3211
3212
3213
3214
3215
3216
3217
3218
3219
3220
3221
3222
3223
3224
3225
3226
3227
3228
3229
3230
3231
3232
3233
3234
3235
3236
3237
3238
3239
3240
3241
3242
3243
3244
3245
3246
3247
3248
3249
3250
3251
3252
3253
3254
3255
3256
3257
3258
3259
3260
3261
3262
3263
3264
3265
3266
3267
3268
3269
3270
3271
3272
3273
3274
3275
3276
3277
3278
3279
3280
3281
3282
3283
3284
3285
3286
3287
3288
3289
3290
3291
3292
3293
3294
3295
3296
3297
3298
3299
3300
3301
3302
3303
3304
3305
3306
3307
3308
3309
3310
3311
3312
3313
3314
3315
3316
3317
3318
3319
3320
3321
3322
3323
3324
3325
3326
3327
3328
3329
3330
3331
3332
3333
3334
3335
3336
3337
3338
3339
3340
3341
3342
3343
3344
3345
3346
3347
3348
3349
3350
3351
3352
3353
3354
3355
3356
3357
3358
3359
3360
3361
3362
3363
3364
3365
3366
3367
3368
3369
3370
3371
3372
3373
3374
3375
3376
3377
3378
3379
3380
3381
3382
3383
3384
3385
3386
3387
3388
3389
3390
3391
3392
3393
3394
3395
3396
3397
3398
3399
3400
3401
3402
3403
3404
3405
3406
3407
3408
3409
3410
3411
3412
3413
3414
3415
3416
3417
3418
3419
3420
3421
3422
3423
3424
3425
3426
3427
3428
3429
3430
3431
3432
3433
3434
3435
3436
3437
3438
3439
3440
3441
3442
3443
3444
3445
3446
3447
3448
3449
3450
3451
3452
3453
3454
3455
3456
3457
3458
3459
3460
3461
3462
3463
3464
3465
3466
3467
3468
3469
3470
3471
3472
3473
3474
3475
3476
3477
3478
3479
3480
3481
3482
3483
3484
3485
3486
3487
3488
3489
3490
3491
3492
3493
3494
3495
3496
3497
3498
3499
3500
3501
3502
3503
3504
3505
3506
3507
3508
3509
3510
3511
3512
3513
3514
3515
3516
3517
3518
3519
3520
3521
3522
3523
3524
3525
3526
3527
3528
3529
3530
3531
3532
3533
3534
3535
3536
3537
3538
3539
3540
3541
3542
3543
3544
3545
3546
3547
3548
3549
3550
3551
3552
3553
3554
3555
3556
3557
3558
3559
3560
3561
3562
3563
3564
3565
3566
3567
3568
3569
3570
3571
3572
3573
3574
3575
3576
3577
3578
3579
3580
3581
3582
3583
3584
3585
3586
3587
3588
3589
3590
3591
3592
3593
3594
3595
3596
3597
3598
3599
3600
3601
3602
3603
3604
3605
3606
3607
3608
3609
3610
3611
3612
3613
3614
3615
3616
3617
3618
3619
3620
3621
3622
3623
3624
3625
3626
3627
3628
3629
3630
3631
3632
3633
3634
3635
3636
3637
3638
3639
3640
3641
3642
3643
3644
3645
3646
3647
3648
3649
3650
3651
3652
3653
3654
3655
3656
3657
3658
3659
3660
3661
3662
3663
3664
3665
3666
3667
3668
3669
3670
3671
3672
3673
3674
3675
3676
3677
3678
3679
3680
3681
3682
3683
3684
3685
3686
3687
3688
3689
3690
3691
3692
3693
3694
3695
3696
3697
3698
3699
3700
3701
3702
3703
3704
3705
3706
3707
3708
3709
3710
3711
3712
3713
3714
3715
3716
3717
3718
3719
3720
3721
3722
3723
3724
3725
3726
3727
3728
3729
3730
3731
3732
3733
3734
3735
3736
3737
3738
3739
3740
3741
3742
3743
3744
3745
3746
3747
3748
3749
3750
3751
3752
3753
3754
3755
3756
3757
3758
3759
3760
3761
3762
3763
3764
3765
3766
3767
3768
3769
3770
3771
3772
3773
3774
3775
3776
3777
3778
3779
3780
3781
3782
3783
3784
3785
3786
3787
3788
3789
3790
3791
3792
3793
3794
3795
3796
3797
3798
3799
3800
3801
3802
3803
3804
3805
3806
3807
3808
3809
3810
3811
3812
3813
3814
3815
3816
3817
3818
3819
3820
3821
3822
3823
3824
3825
3826
3827
3828
3829
3830
3831
3832
3833
3834
3835
3836
3837
3838
3839
3840
3841
3842
3843
3844
3845
3846
3847
3848
3849
3850
3851
3852
3853
3854
3855
3856
3857
3858
3859
3860
3861
3862
3863
3864
3865
3866
3867
3868
3869
3870
3871
3872
3873
3874
3875
3876
3877
3878
3879
3880
3881
3882
3883
3884
3885
3886
3887
3888
3889
3890
3891
3892
3893
3894
3895
3896
3897
3898
3899
3900
3901
3902
3903
3904
3905
3906
3907
3908
3909
3910
3911
3912
3913
3914
3915
3916
3917
3918
3919
3920
3921
3922
3923
3924
3925
3926
3927
3928
3929
3930
3931
3932
3933
3934
3935
3936
3937
3938
3939
3940
3941
3942
3943
3944
3945
3946
3947
3948
3949
3950
3951
3952
3953
3954
3955
3956
3957
3958
3959
3960
3961
3962
3963
3964
3965
3966
3967
3968
3969
3970
3971
3972
3973
3974
3975
3976
3977
3978
3979
3980
3981
3982
3983
3984
3985
3986
3987
3988
3989
3990
3991
3992
3993
3994
3995
3996
3997
3998
3999
4000
4001
4002
4003
4004
4005
4006
4007
4008
4009
4010
4011
4012
4013
4014
4015
4016
4017
4018
4019
4020
4021
4022
4023
4024
4025
4026
4027
4028
4029
4030
4031
4032
4033
4034
4035
4036
4037
4038
4039
4040
4041
4042
4043
4044
4045
4046
4047
4048
4049
4050
4051
4052
4053
4054
4055
4056
4057
4058
4059
4060
4061
4062
4063
4064
4065
4066
4067
4068
4069
4070
4071
4072
4073
4074
4075
4076
4077
4078
4079
4080
4081
4082
4083
4084
4085
4086
4087
4088
4089
4090
4091
4092
4093
4094
4095
4096
4097
4098
4099
4100
4101
4102
4103
4104
4105
4106
4107
4108
4109
4110
4111
4112
4113
4114
4115
4116
4117
4118
4119
4120
4121
4122
4123
4124
4125
4126
4127
4128
4129
4130
4131
4132
4133
4134
4135
4136
4137
4138
4139
4140
4141
4142
4143
4144
4145
4146
4147
4148
4149
4150
4151
4152
4153
4154
4155
4156
4157
4158
4159
4160
4161
4162
4163
4164
4165
4166
4167
4168
4169
4170
4171
4172
4173
4174
4175
4176
4177
4178
4179
4180
4181
4182
4183
4184
4185
4186
4187
4188
4189
4190
4191
4192
4193
4194
4195
4196
4197
4198
4199
4200
4201
4202
4203
4204
4205
4206
4207
4208
4209
4210
4211
4212
4213
4214
4215
4216
4217
4218
4219
4220
4221
4222
4223
4224
4225
4226
4227
4228
4229
4230
4231
4232
4233
4234
4235
4236
4237
4238
4239
4240
4241
4242
4243
4244
4245
4246
4247
4248
4249
4250
4251
4252
4253
4254
4255
4256
4257
4258
4259
4260
4261
4262
4263
4264
4265
4266
4267
4268
4269
4270
4271
4272
4273
4274
4275
4276
4277
4278
4279
4280
4281
4282
4283
4284
4285
4286
4287
4288
4289
4290
4291
4292
4293
4294
4295
4296
4297
4298
4299
4300
4301
4302
4303
4304
4305
4306
4307
4308
4309
4310
4311
4312
4313
4314
4315
4316
4317
4318
4319
4320
4321
4322
4323
4324
4325
4326
4327
4328
4329
4330
4331
4332
4333
4334
4335
4336
4337
4338
4339
4340
4341
4342
4343
4344
4345
4346
4347
4348
4349
4350
4351
4352
4353
4354
4355
4356
4357
4358
4359
4360
4361
4362
4363
4364
4365
4366
4367
4368
4369
4370
4371
4372
4373
4374
4375
4376
4377
4378
4379
4380
4381
4382
4383
4384
4385
4386
4387
4388
4389
4390
4391
4392
4393
4394
4395
4396
4397
4398
4399
4400
4401
4402
4403
4404
4405
4406
4407
4408
4409
4410
4411
4412
4413
4414
4415
4416
4417
4418
4419
4420
4421
4422
4423
4424
4425
4426
4427
4428
4429
4430
4431
4432
4433
4434
4435
4436
4437
4438
4439
4440
4441
4442
4443
4444
4445
4446
4447
4448
4449
4450
4451
4452
4453
4454
4455
4456
4457
4458
4459
4460
4461
4462
4463
4464
4465
4466
4467
4468
4469
4470
4471
4472
4473
4474
4475
4476
4477
4478
4479
4480
4481
4482
4483
4484
4485
4486
4487
4488
4489
4490
4491
4492
4493
4494
4495
4496
4497
4498
4499
4500
4501
4502
4503
4504
4505
4506
4507
4508
4509
4510
4511
4512
4513
4514
4515
4516
4517
4518
4519
4520
4521
4522
4523
4524
4525
4526
4527
4528
4529
4530
4531
4532
4533
4534
4535
4536
4537
4538
4539
4540
4541
4542
4543
4544
4545
4546
4547
4548
4549
4550
4551
4552
4553
4554
4555
4556
4557
4558
4559
4560
4561
4562
4563
4564
4565
4566
4567
4568
4569
4570
4571
4572
4573
4574
4575
4576
4577
4578
4579
4580
4581
4582
4583
4584
4585
4586
4587
4588
4589
4590
4591
4592
4593
4594
4595
4596
4597
4598
4599
4600
4601
4602
4603
4604
4605
4606
4607
4608
4609
4610
4611
4612
4613
4614
4615
4616
4617
4618
4619
4620
4621
4622
4623
4624
4625
4626
4627
4628
4629
4630
4631
4632
4633
4634
4635
4636
4637
4638
4639
4640
4641
4642
4643
4644
4645
4646
4647
4648
4649
4650
4651
4652
4653
4654
4655
4656
4657
4658
4659
4660
4661
4662
4663
4664
4665
4666
4667
4668
4669
4670
4671
4672
4673
4674
4675
4676
4677
4678
4679
4680
4681
4682
4683
4684
4685
4686
4687
4688
4689
4690
4691
4692
4693
4694
4695
4696
4697
4698
4699
4700
4701
4702
4703
4704
4705
4706
4707
4708
4709
4710
4711
4712
4713
4714
4715
4716
4717
4718
4719
4720
4721
4722
4723
4724
4725
4726
4727
4728
4729
4730
4731
4732
4733
4734
4735
4736
4737
4738
4739
4740
4741
4742
4743
4744
4745
4746
4747
4748
4749
4750
4751
4752
4753
4754
4755
4756
4757
4758
4759
4760
4761
4762
4763
4764
4765
4766
4767
4768
4769
4770
4771
4772
4773
4774
4775
4776
4777
4778
4779
4780
4781
4782
4783
4784
4785
4786
4787
4788
4789
4790
4791
4792
4793
4794
4795
4796
4797
4798
4799
4800
4801
4802
4803
4804
4805
4806
4807
4808
4809
4810
4811
4812
4813
4814
4815
4816
4817
4818
4819
4820
4821
4822
4823
4824
4825
4826
4827
4828
4829
4830
4831
4832
4833
4834
4835
4836
4837
4838
4839
4840
4841
4842
4843
4844
4845
4846
4847
4848
4849
4850
4851
4852
4853
4854
4855
4856
4857
4858
4859
4860
4861
4862
4863
4864
4865
4866
4867
4868
4869
4870
4871
4872
4873
4874
4875
4876
4877
4878
4879
4880
4881
4882
4883
4884
4885
4886
4887
4888
4889
4890
4891
4892
4893
4894
4895
4896
4897
4898
4899
4900
4901
4902
4903
4904
4905
4906
4907
4908
4909
4910
4911
4912
4913
4914
4915
4916
4917
4918
4919
4920
4921
4922
4923
4924
4925
4926
4927
4928
4929
4930
4931
4932
4933
4934
4935
4936
4937
4938
4939
4940
4941
4942
4943
4944
4945
4946
4947
4948
4949
4950
4951
4952
4953
4954
4955
4956
4957
4958
4959
4960
4961
4962
4963
4964
4965
4966
4967
4968
4969
4970
4971
4972
4973
4974
4975
4976
4977
4978
4979
4980
4981
4982
4983
4984
4985
4986
4987
4988
4989
4990
4991
4992
4993
4994
4995
4996
4997
4998
4999
5000
41
8467
6334
6500
9169
5724
1478
9358
6962
4464
5705
8145
3281
6827
9961
491
2995
1942
4827
5436
2391
4604
3902
153
292
2382
7421
8716
9718
9895
5447
1726
4771
1538
1869
9912
5667
6299
7035
9894
8703
3811
1322
333
7673
4664
5141
7711
8253
6868
5547
7644
2662
2757
37
2859
8723
9741
7529
778
2316
3035
2190
1842
288
106
9040
8942
9264
2648
7446
3805
5890
6729
4370
5350
5006
1101
4393
3548
9629
2623
4084
9954
8756
1840
4966
7376
3931
6308
6944
2439
4626
1323
5537
1538
6118
2082
2929
6541
4833
1115
4639
9658
2704
9930
3977
2306
1673
2386
5021
8745
6924
9072
6270
5829
6777
5573
5097
6512
3986
3290
9161
8636
2355
4767
3655
5574
4031
2052
7350
1150
6941
1724
3966
3430
1107
191
8007
1337
5457
2287
7753
383
4945
8909
2209
9758
4221
8588
6422
4946
7506
3030
6413
9168
900
2591
8762
1655
7410
6359
7624
537
1548
6483
7595
4041
3602
4350
291
836
9374
1020
4596
4021
7348
3199
9668
4484
8281
4734
53
1999
6418
7938
6900
3788
8127
467
3728
4893
4648
2483
7807
2421
4310
6617
2813
9514
4309
7616
8935
7451
600
5249
6519
1556
2798
303
6224
1008
5844
2609
4989
2702
3195
485
3093
4343
523
1587
9314
9503
7448
5200
3458
6618
580
9796
4798
5281
9589
798
8009
7157
472
3622
8538
2292
6038
4179
8190
9657
7958
6191
9815
2888
9156
1511
6202
2634
4272
55
328
2646
6362
4886
8875
8433
9869
142
3844
1416
1881
1998
322
8651
21
5699
3557
8476
7892
4389
5075
712
2600
2510
1003
6869
7861
4688
3401
9789
5255
6423
5002
585
4182
285
7088
1426
8617
3757
9832
932
4169
2154
5721
7189
9976
1329
2368
8692
1425
555
3434
6549
7441
9512
145
8060
1718
3753
6139
2423
6279
5996
6687
2529
2549
7437
9866
2949
193
3195
3297
416
8286
6105
4488
6282
2455
5734
8114
1701
1316
671
5786
2263
4313
4355
1185
53
912
808
1832
945
4313
7756
8321
9558
3646
7982
481
4144
3196
222
7129
2161
5535
450
1173
466
2044
1659
6292
6439
7253
24
6154
9510
4745
649
3186
8313
4474
8022
2168
4018
8787
9905
7958
7391
202
3625
6477
4414
9314
5824
9334
5874
4372
159
1833
8070
7487
8297
7518
8177
7773
2270
1763
2668
7192
3985
3102
8480
9213
7627
4802
4099
527
2625
1543
1924
1023
9972
3061
4181
1003
7432
7505
7593
2725
3031
8492
142
7222
1286
3064
7900
9187
8360
2413
974
4270
9170
235
833
9711
5760
8896
4667
7285
2550
140
3694
2695
1624
8019
2125
6576
1694
2658
6302
7371
2466
4678
2593
3851
5484
1018
8464
1119
3152
2800
8087
1060
1926
9010
4757
2170
315
9576
227
2043
2758
7164
5109
7882
7086
9565
3487
9577
4474
2625
5627
5629
1928
5423
8520
6902
4962
123
4596
3737
3261
195
2525
1264
8260
6202
8116
5030
326
9011
771
6411
5547
1153
1520
9790
4924
188
1763
4940
851
8662
3829
900
7713
8958
7578
8365
3007
1477
1200
6058
6439
2303
2760
9357
2324
6477
5108
1113
4887
9801
2850
4460
2428
2993
7384
9405
6540
1111
8704
2835
2356
6072
9350
8823
4485
556
3216
1626
9357
8526
3357
9337
3271
3869
9361
2896
3022
9617
112
2717
8696
1585
4041
4423
4129
4229
4565
6559
8932
2296
9855
2053
6962
3584
9734
6654
6972
1457
4369
2532
2963
2607
2483
911
1635
67
2848
4675
2938
2223
2142
3754
6511
2741
175
1459
7825
3221
7870
1626
1934
5205
1783
3850
7398
2279
2701
2193
2734
1637
6534
5556
1993
176
5705
6962
548
5881
300
4413
6641
9855
4855
3142
1462
7611
877
424
2678
1752
8443
8296
2673
40
9313
875
72
2818
610
1017
4932
8112
695
3169
3831
40
6488
8685
9090
9497
2589
5990
5145
9353
9314
8651
6740
2044
1258
335
8759
1192
7605
5264
2181
8503
3829
3775
608
9292
5997
7549
9556
5561
1627
6467
9541
6129
1240
7813
9174
601
6077
215
8683
8213
3992
5824
5601
3392
5759
2670
6428
8027
4084
75
8786
5498
4970
6287
3847
2604
503
1221
2663
5706
2363
9010
2171
7489
8240
2164
5542
7619
913
7591
6704
1818
9232
750
5205
4975
1539
303
1422
1098
1247
3584
3648
2971
7864
2913
1075
1545
8712
7546
8678
1769
5262
8519
3985
8289
5944
2865
8540
3245
5508
8318
7870
9601
8323
1132
4472
7152
5087
8570
9763
9901
7103
4423
3527
1600
6969
4015
5565
28
1543
5347
2088
2943
2637
2409
6463
5049
4681
1588
1342
608
2060
1221
1758
9954
888
4146
690
7949
2843
1430
5620
748
7067
4536
783
8035
2226
5185
7038
9853
5629
1224
5748
9923
3359
2257
4766
4944
4955
3318
2726
5411
1025
355
1001
2549
9496
8584
9515
7964
3342
8075
7913
6142
1196
1948
5072
426
4606
6173
4429
2404
6705
626
9812
9375
93
6565
6036
4736
9141
814
5994
8256
6652
3936
838
482
1355
1015
1131
8230
7841
4625
2011
2637
4186
9690
1650
5662
1634
893
353
1416
3452
4008
7262
2233
5454
6303
6634
6303
4256
148
1124
2317
4213
7109
4028
9200
1080
1318
6858
4050
4155
1361
5264
1903
3676
9643
6909
4902
3561
8489
4948
1282
3653
674
2220
5402
6923
3831
9369
3878
259
9008
2619
3971
3
1945
9781
6504
2392
2685
5313
6698
5589
2722
5938
9037
6410
1461
6234
2508
9961
3959
6493
1515
5269
4937
8869
58
4700
3971
6264
5117
6215
4555
7815
8330
3039
212
9288
8082
1954
6085
710
4484
4774
8380
9815
5951
6541
8115
1679
7110
5898
3073
788
3977
8132
9956
8689
6113
8
2941
5790
1723
1363
28
5184
4778
7200
5071
1885
1974
1071
1333
2867
6153
4295
2168
825
9676
5629
8650
2598
3309
4693
4686
80
116
2249
6667
1528
6679
7864
9421
8405
8826
6816
7516
7726
8666
9087
7681
9964
1340
5686
6021
1662
4721
6064
9309
415
7902
9873
7124
3941
2745
1762
8423
7531
4806
2268
9318
5602
1907
4307
3481
1012
1136
6630
4114
6809
4084
3556
2290
1293
9996
9152
1054
5345
4708
248
7491
3712
5131
114
6439
7958
4722
9704
6995
1052
5269
7479
8238
6423
7918
866
7659
2498
8486
1196
7462
6633
2158
2022
1146
8392
3037
3925
647
9458
6602
807
4098
7830
9292
4600
7278
799
8352
448
3882
540
8315
4575
8762
9567
2336
8397
1418
9897
5828
3851
6816
4230
4449
6925
658
229
4520
940
9560
5147
5162
1655
675
792
2361
1754
6398
3146
8714
6946
1188
9569
8638
7663
5075
4515
1521
475
5615
528
3234
2570
905
9464
9557
8962
4161
524
2549
7469
330
1923
8350
4333
2925
910
9737
6336
8337
1278
2393
7636
714
8164
1591
9949
9135
2505
3337
4
6337
2623
8664
9970
5608
568
9281
7085
9152
8373
8652
8194
9876
3826
8396
7572
6249
4640
9174
8819
943
2611
1941
289
8419
5565
3805
7585
6216
1450
1615
2609
1064
9166
6893
6074
3509
300
9695
9573
5589
3161
1172
7968
7358
6031
6268
9426
8510
422
774
8779
910
3552
4182
5391
5495
5764
874
1364
4902
8255
4460
474
6972
6821
6122
5547
1577
9789
5605
195
7594
7950
6343
754
2481
1012
1672
3439
3428
5912
9762
5967
4408
4415
1908
7223
1759
6434
5204
9486
4319
958
5945
6806
8166
8700
1367
7692
1787
8532
556
974
3447
5021
8283
6222
9331
2376
8583
6948
2723
7982
2018
4776
9220
1111
2182
3856
9490
8925
4324
6486
9677
5969
1643
7534
5677
2668
1068
1991
2196
7783
6828
7727
9426
5871
697
7612
8703
1027
1408
5545
9508
7185
238
4237
6443
1313
2501
8850
5128
2111
3650
8149
1192
1454
5869
681
7465
267
7713
9793
8634
5472
972
2830
4901
8442
5177
3877
5770
702
4364
1381
6590
8823
2237
8023
2179
6595
169
2327
2042
1310
8182
1058
7926
9487
1670
2528
5651
2258
7213
9860
5783
1286
2742
8610
4472
7128
8434
5841
718
3503
4867
4865
938
1881
9257
2750
8614
8598
8458
2661
6063
2756
807
278
9489
9435
6365
2075
7586
1386
7833
8360
3330
6048
8928
9492
2433
3840
6766
1735
9810
1599
1837
1892
1982
7328
9352
1369
1244
1794
6608
9252
1647
7432
9535
7208
3264
3497
3243
7649
2015
6841
189
6100
9812
648
9523
9851
4474
8633
9891
7200
9854
9990
5697
4919
7780
2578
2931
2544
3340
3487
899
2525
8483
5538
7492
6193
8252
5011
1560
5834
1840
1497
2785
8529
1540
8805
8791
3392
3210
3549
1578
6979
971
9277
73
193
1620
1497
3826
1276
9790
6582
3578
1159
418
6489
159
3449
2924
9072
380
7008
7967
208
6477
8503
5370
2607
4196
2074
3722
2611
9019
8761
1056
2890
1163
6683
3716
9932
5452
2741
4954
6813
2862
396
5460
615
904
2599
136
4680
9198
7032
4387
2584
7240
3517
7006
8670
241
8882
5249
3523
1758
2105
9621
7095
7296
9916
5678
178
3579
5058
7577
2750
4007
3729
4081
2995
2678
4676
7753
899
1784
5565
3093
3608
6172
1243
9929
7514
168
5055
1191
5973
8922
6748
5651
986
2144
6446
1577
6517
4629
9916
5874
5791
5469
2912
8146
693
9091
9815
6949
6857
640
6052
236
8551
9487
1226
8162
6955
3183
8394
180
6097
3065
7065
2513
9261
2578
1078
6878
4140
4611
1947
2445
170
9975
3489
4750
6149
3333
3865
2214
7282
7007
7432
8896
6367
8522
4882
1810
7641
7231
2187
6705
6479
6321
6538
1351
9447
4208
9646
2276
5759
189
422
7666
8486
3455
2028
9614
4860
9253
1777
1348
2503
861
2431
9082
2455
4197
2106
8752
5821
7296
6281
6021
4455
5947
7124
8318
9135
1376
1774
9859
4998
2074
9253
6922
635
1643
8888
8153
3232
4747
8680
9926
5678
6450
4801
4961
4199
855
6363
5716
573
1561
3245
6473
8274
1550
4353
1181
4287
2699
8110
8643
7465
7172
2529
9981
2112
3476
4381
8247
6890
6671
8805
2372
32
3989
9320
3165
5431
9658
1293
7206
6578
6948
2206
7171
8166
3396
6697
1020
3694
5529
4788
109
7984
1969
8978
1617
4015
6626
3684
9168
7906
5928
2097
8118
4390
5199
1785
4486
9199
2420
710
8271
5813
7415
6085
318
3580
1331
7267
8387
3444
3186
4507
4360
7827
8074
6431
7152
271
268
4693
9885
337
1311
7604
2677
406
7768
9022
9413
5000
542
7537
38
1388
7355
3289
1647
3181
3093
6584
987
761
493
8217
9501
7482
9447
5665
753
2104
5084
9095
3525
221
3964
1781
4872
8106
3656
3343
2593
7080
6080
4868
1411
3713
968
3251
7216
2079
8768
7040
1531
2933
3779
663
2259
6653
7936
2095
4365
1874
7720
6835
5680
8976
8455
5725
4071
4808
3559
9156
5602
7832
7905
440
7375
1562
2885
1962
1080
1836
797
1202
508
80
5340
2076
9058
1493
7740
8546
474
4773
9097
8880
3335
1072
3400
707
2955
666
4141
3588
2481
7168
8315
9396
6225
1009
2012
8136
1455
8762
5043
742
21
7922
4512
9248
6018
7368
3717
9714
7650
3290
3335
2759
3169
1895
5303
2640
1979
4199
9105
4791
8661
8681
3652
8753
4033
2029
5987
7042
6253
83
1420
5814
2718
2244
1063
7229
652
8864
4769
470
5005
1047
1594
1487
4326
3276
1323
6540
7679
3990
2588
4710
9271
7945
9221
8470
183
3589
3955
4978
4779
5006
3262
135
3487
7196
9033
2088
2935
9779
5993
4790
4962
8965
1001
9105
1807
4567
2669
3134
2671
1457
2998
3545
3597
4218
8838
4844
7372
8563
1028
9264
8801
4723
3490
7604
1601
4227
1197
3692
9771
363
9301
2363
7721
3565
7421
3445
8610
495
6741
5022
1812
9151
3015
8055
3393
8738
5279
9882
1608
2654
3822
2707
4245
1338
144
2290
1339
3154
4604
4623
2225
78
1724
1981
2330
9733
8223
594
9130
8846
4987
9445
8805
8616
5750
489
7338
1963
8135
4697
2209
1630
3224
1908
6737
4474
1920
7372
293
3855
6734
9561
1056
7606
8184
7075
8382
4119
6741
432
4684
2779
2279
8283
667
836
4125
4118
2737
8028
2119
577
737
4091
556
2795
6060
1901
8793
3432
2136
4580
4875
5907
1184
8074
8719
6790
476
41
3351
8329
6290
2974
3072
3591
2189
5787
1490
3239
4893
3053
7063
681
5903
7005
4176
8479
1695
6139
2468
3998
1083
3639
9515
7621
9993
5826
5722
3838
4828
2581
4399
8978
1891
1023
6943
4834
4243
7349
2702
8707
502
5141
687
8346
5891
4637
8413
1400
2816
1690
3162
8935
9126
9410
9877
1382
6260
7189
6705
3874
2663
722
2195
2566
6360
6038
8588
7811
8245
9467
2425
6867
3189
542
3063
1547
502
9617
9099
5023
7226
1203
48
1051
1570
8636
9458
5967
8456
9405
1531
9962
6819
7975
556
7531
1495
8044
591
6803
3388
8915
7450
2319
6272
5791
9383
133
1775
4642
3569
8300
7954
2078
3585
2257
5333
893
490
103
4750
7233
722
4271
9611
8990
338
1641
3258
9047
2352
9658
479
5302
2683
8990
2
5568
4422
6895
6135
8008
2361
6742
2194
3699
3188
178
4042
1357
3941
1847
7469
6345
4380
1913
4964
5710
61
5385
73
7504
9462
2703
8102
1069
5154
3529
1552
2074
9149
3730
2244
844
3049
4118
4065
6363
9552
8773
8470
9731
6747
7511
5869
4398
498
7103
7352
5679
8053
3043
4522
1088
1563
5834
9850
7022
7240
1911
9492
5651
8580
5477
7616
9876
9178
5220
4615
2348
6798
2179
1635
6857
2883
1662
8902
8262
9420
9770
9022
9273
5841
2686
8888
3917
1717
1892
3698
1267
1749
65
389
6932
5619
6081
2003
9130
3028
8631
4589
3152
8630
9172
9864
6407
2295
5428
9681
8490
6610
6177
1071
5236
6459
643
6840
7633
7037
3893
2630
274
2993
8782
2203
7461
8290
9662
2307
997
1151
8423
8890
6717
6640
8703
5566
4883
3661
2659
8245
386
2651
2765
9601
6840
7209
1497
7283
9250
8058
8421
175
581
6787
3271
4287
7999
2504
4979
2138
700
530
2461
2118
205
7540
8828
4459
1622
4398
3760
7098
2935
481
614
9567
8493
8596
9161
7746
538
7670
538
1476
1555
4917
6371
6760
5752
3758
5433
2255
9065
726
2401
3034
2759
393
548
7273
8792
6193
2933
137
7103
3690
8211
3694
4668
2627
7498
989
5248
3879
1647
1149
931
669
875
5598
5449
5436
4599
123
1443
1731
8154
2861
4434
9385
3967
816
1393
6704
9866
953
308
8223
8684
792
2667
48
2469
3930
811
9814
6090
5427
3743
1604
599
6474
7195
506
5158
7589
9858
7809
7889
1447
40
3818
9364
7975
26
5089
2503
66
6412
6840
2570
4676
5395
8641
9986
7651
1109
8187
83
1085
3390
1250
8686
4755
1381
8128
5502
4277
862
6424
3565
3872
832
885
4428
6646
889
6478
883
4925
1265
1260
5045
778
5821
3855
2520
2927
4773
5134
7251
2675
3336
6334
1001
2737
9310
5974
7590
356
1071
2080
935
2145
7282
1825
8718
3573
4712
3037
4998
9905
7162
1717
8692
9539
8047
946
9103
231
4115
839
5858
829
2645
3394
7199
9645
4272
675
1862
2072
3773
2480
1238
6897
3542
9608
9203
3277
6125
134
1401
9078
8382
169
736
7478
7939
1138
8721
1426
663
1677
1575
6724
5981
7700
7961
8862
6002
8448
5095
684
4016
5137
9507
3993
1284
2944
259
821
7058
4643
7668
677
119
9857
3041
8891
5264
1623
6915
8072
7929
841
4715
7615
2536
4957
7759
700
3452
5093
4241
1829
2448
5227
1798
6224
324
2274
8133
2885
5038
2170
6862
2629
5084
1909
4878
6923
7085
9400
3024
4193
3105
9412
5765
5767
5407
677
3784
704
4790
9834
891
621
8085
7734
5190
542
7998
2086
2018
5621
424
2597
1376
4254
9669
8108
2927
2493
6068
6366
9102
2438
2600
819
4318
2290
4984
6339
2556
5808
4632
1478
6814
3787
7239
8074
5020
827
2554
1988
7441
6798
3642
9002
6321
104
3946
7056
8509
9833
7708
9761
6533
686
4804
6385
142
8842
7260
2161
1620
4343
9578
1187
113
3063
4591
5934
415
656
9761
5012
8411
1959
6251
8738
3370
6124
5507
8007
7584
951
3101
4489
4958
5441
1790
7013
412
4855
1060
7093
8472
5402
2676
3543
7373
6266
7651
5275
1528
532
761
5469
2503
2729
7107
7892
2451
7953
8392
2570
3519
9472
3407
2494
9505
8440
383
4262
1409
8607
8038
4360
5471
1171
654
9947
1514
4523
1229
489
6766
7887
9756
6632
7470
5739
666
8522
7283
8160
7553
4705
7091
1259
5386
1687
4629
42
8317
2045
2356
3388
5452
3154
466
1833
7760
6919
5631
6738
1267
5776
1098
4314
6320
3053
4007
6469
4216
9722
9842
9007
5463
6260
947
3793
8630
8717
3043
1376
5314
6626
7117
1334
620
4171
6792
8964
9154
8866
4693
664
3775
3000
2212
1100
7551
5476
6379
943
7877
3789
361
1385
8272
1434
5144
9561
5563
4504
2946
3888
308
2157
1430
5123
6464
4074
4346
3837
1981
5318
6611
6292
7591
3832
7123
6461
6991
1461
7330
8498
7369
7291
8400
4179
4117
2317
9914
1595
1441
5936
1867
7028
1453
7909
3973
7981
1503
6569
6816
1883
5367
5385
8402
5230
7157
8681
5567
8310
1866
3687
3171
3477
1245
2764
6238
7671
2047
6115
4592
7311
2657
1405
53
7171
580
2740
2530
3675
4320
5790
3377
998
6586
1604
4489
9631
9744
8388
6610
8718
6919
8259
5927
4609
8119
1479
2716
6300
1396
6853
1458
830
4593
806
9849
4854
4272
6160
2294
2054
6333
146
4229
471
428
559
2241
9421
2688
6366
2033
6685
2270
5329
2261
2860
2208
8982
2162
2506
6878
1979
1897
7887
6538
4469
783
7540
2795
7266
8633
3509
4557
2317
6134
2053
8135
2258
2593
7843
1693
6466
2951
8140
1094
2937
5174
2512
6097
9551
2695
1817
3492
1292
237
7530
613
5296
1710
2389
5628
5809
8786
1744
8840
8182
8569
6120
7393
6292
4962
4214
2527
6807
3194
8705
4713
7011
8913
6693
9664
6203
8995
7762
4381
6946
9909
1048
1768
6624
2511
7954
4235
1127
4633
8240
1862
5127
7577
3817
2340
142
5100
8400
6558
1476
3154
935
6430
5831
1295
3537
5623
7922
2927
8029
211
6211
1754
6880
2253
3293
1321
785
6528
443
1000
555
4671
9270
7452
9375
4631
3640
8934
8040
7986
8834
4248
1539
8765
2796
312
7262
5052
731
3987
4464
2557
4248
9556
170
5450
7182
7301
3293
4099
3332
9044
2331
75
1004
9050
5026
4066
1738
9801
9623
3843
441
3380
9695
7918
3659
1363
2628
6329
1088
8854
8613
4979
8569
666
7679
7577
7837
3402
3115
3292
1723
2872
9448
323
1153
5948
4395
5197
4508
2908
7411
3993
7665
6781
3202
7610
4828
7256
7705
8965
8023
769
1715
253
1805
3684
9478
2145
1840
833
9285
6900
968
3994
6633
3885
348
8281
8032
6256
9910
872
8982
3901
2306
635
7860
2471
9527
7137
8343
9768
8233
3995
9171
7603
8942
8011
7879
1034
4512
4593
530
4161
3234
258
1926
5906
5191
4443
6188
227
2719
6484
5224
9093
435
3224
8094
3582
8867
8627
2005
1146
2686
6589
540
8237
2850
8759
9578
8956
2677
2403
8042
6300
5811
5225
1143
1595
1016
6615
8804
1006
8368
1641
335
698
1325
8313
8023
2312
4618
8457
8396
8339
1086
2094
7846
7043
1522
2911
6280
3455
6358
6847
8870
990
3873
4327
3413
3454
1896
2472
4450
7241
4641
5646
3525
8213
6824
7929
8695
5403
2594
7993
6067
2187
4640
5079
41
8125
2534
4860
3000
4907
2621
7692
5293
5117
7717
403
3943
7893
639
9011
6925
4028
9978
748
2850
2892
6444
654
3623
4353
2036
1547
1346
826
6061
3904
238
7571
6886
6405
5299
2056
1728
1267
3751
2019
9991
8166
5717
5846
7093
3187
1421
2912
6867
8299
2444
9897
1201
3328
4942
7104
1768
9768
6641
6296
1262
720
1244
7918
9625
1219
7584
8174
984
459
3149
7014
5695
2503
5032
3851
1537
6814
8363
4651
1219
4290
5917
1683
1918
6584
7252
3586
1269
6248
2137
2397
424
3168
27
8148
1993
382
9271
7669
893
877
1014
9104
484
2943
1495
6811
1293
8892
6798
1990
1299
4890
8493
9074
1549
3774
9314
173
4069
9218
6865
6833
5238
9911
3252
6463
6508
5149
3088
2245
6231
1920
106
9271
2368
6421
5258
4157
9647
4982
8238
4122
7723
906
8706
189
1156
345
2351
6923
7118
1550
2097
1836
591
3406
4510
5813
4651
5880
7844
4743
7741
1245
4578
4949
1705
4514
9785
9227
8624
7204
8356
3917
6227
555
102
4286
9468
1698
8979
1411
2489
758
3490
775
8410
7132
7089
7296
1950
3112
122
2529
7672
5836
8277
5553
3976
670
9085
2652
1751
397
9751
9001
435
6693
5072
7916
6716
5328
1511
2125
1838
7296
8939
1544
1056
2826
2902
6758
4588
2021
2586
4108
9777
2628
1979
6947
2549
1280
3245
5128
4062
426
4719
677
9091
4047
3785
3231
7406
8684
1954
6769
4709
7956
2421
5945
3465
6016
1860
6497
8335
5190
5677
8049
1005
7886
3388
8675
3143
7377
130
8487
6555
2482
5253
5000
7754
289
2488
5215
2008
1310
940
7799
2997
9707
8454
304
8237
485
2499
792
9613
2612
8682
2983
5351
6129
7137
5033
6600
1864
3683
1857
8968
1710
1968
1708
2641
7732
2437
1684
2499
2701
9869
8583
9256
9692
7640
2087
5012
3810
5820
4835
1663
615
5897
8677
2774
134
7553
9533
8878
2286
5624
2734
8075
5349
712
6984
624
7792
6504
8822
4055
8913
462
4473
84
4160
1122
6053
9397
1822
9750
1337
3917
4006
4931
2197
7505
9236
357
6599
8290
1898
985
1447
1084
592
8725
8996
9855
4828
5338
7342
4428
9795
742
37
5506
6767
5053
9793
8505
4146
3609
3924
9854
9465
2239
6206
4209
5492
6499
8175
1036
3061
3647
5618
5013
6727
5712
7896
1909
7841
130
9090
9034
7915
6286
3523
666
1344
2736
2037
5416
5893
1949
971
844
2777
9285
6200
4590
285
8325
7118
5668
6
9729
4008
4541
225
5536
1980
716
470
5384
8747
328
7936
6204
700
7523
6364
1411
6040
250
1504
3483
1766
6141
2670
845
506
9088
3256
5107
8266
5857
2678
4199
2674
4155
5191
8990
9832
858
996
8917
8290
3967
1707
8234
8246
1462
9402
8239
3426
9095
906
8314
350
4586
5279
7776
5822
6879
2301
5812
5676
3164
7357
2570
6038
4312
144
6561
8180
8200
643
1856
8061
2647
5939
9808
9290
7452
979
2618
1419
4007
2284
4547
9977
5675
8613
8709
3371
8642
6339
6336
2621
1501
6034
8129
1358
1436
8469
2897
8504
4798
4202
3105
1238
5032
65
2516
4481
5579
9023
1727
1771
1313
382
6140
4816
8488
5319
5589
5513
8259
851
2271
3283
4364
7038
3012
3184
1759
3501
9574
8733
5059
7714
7649
6595
8522
4541
416
5377
1052
565
9891
138
3310
967
5055
3787
7224
8222
6439
7441
6648
6804
7834
9368
1441
8872
2668
9974
9176
5137
633
3241
5745
8018
1015
2974
9252
846
8956
5524
6966
5581
8144
2240
9334
5296
1876
5027
1205
2018
4291
1641
3465
6191
2471
6259
3700
217
2016
1943
4624
7064
1505
1157
1502
7666
9275
2046
7632
9789
6046
2145
6003
3152
1901
8326
9153
1184
9649
350
405
4346
1025
8970
4336
4795
9793
1323
5532
8856
5896
3210
7776
5692
4550
5290
3795
3852
7350
8315
36
9361
3760
9984
8729
2534
6050
8082
6806
1936
5584
790
1617
9182
9066
3116
6388
9425
3101
5610
6450
9982
8621
5193
7038
6754
4593
4895
280
5638
5167
7420
4345
6883
3865
4696
833
390
2632
189
7839
183
3817
2129
6753
679
8613
600
8252
5145
9861
2151
8318
8963
7813
4907
9554
1476
617
1211
5429
2264
5966
9531
9942
698
9522
1155
7587
5257
3158
4464
3762
8510
946
1065
8380
3165
5946
3540
7297
8042
4464
3194
2584
270
2715
2200
1206
2106
1302
4696
8833
7611
9067
415
6645
175
6354
3448
4919
3079
7988
6321
7592
1597
2197
3509
8652
71
658
4122
6859
7997
999
1899
4120
1320
2036
6984
4912
1915
3953
9485
741
199
1567
4208
6844
169
9681
4879
1108
7207
5259
5706
3849
4075
8026
124
7607
7774
2884
128
4546
3145
481
1714
149
4168
3338
307
6793
3504
1105
1697
8217
5955
6641
2343
6133
2097
679
736
9555
5633
1954
930
252
9904
279
2488
4870
1754
6072
2176
6701
5415
8086
4231
7480
9975
260
514
8938
6657
4990
9438
8981
5447
5242
4618
6070
5631
4061
7219
8781
990
2833
8672
1563
1302
502
6928
721
4898
1447
945
8406
2222
8686
5794
3577
2844
8683
1547
3240
485
6464
1723
337
6653
7168
8130
5255
1466
4858
2512
9656
3318
3201
142
1276
1506
2702
684
5023
270
6312
8250
3475
311
6850
9195
5488
1520
6101
183
4798
7892
8848
6784
245
2187
4462
8343
8258
6859
8871
4016
8172
2832
4441
7683
6088
2015
3976
8516
8298
39
1283
3205
9997
9146
5769
3675
917
9387
5020
6030
7442
1735
2389
373
3480
2073
777
786
8381
1785
522
8345
979
6085
5713
935
9735
883
2186
6096
648
2085
4752
521
9260
1982
6636
7688
9919
7236
6792
7065
9278
4198
1496
6386
1011
976
7547
2121
3202
7245
6702
8564
1539
2572
2257
2370
1920
1654
9359
1080
7298
3391
3960
510
9591
5867
2033
1675
2136
499
7775
5790
4376
1256
272
703
5086
967
9515
3542
3495
3566
8456
4186
8437
9198
2626
8364
1085
1665
8908
340
1360
2814
1154
8012
9752
3338
8706
2525
630
9249
3179
3079
8313
8838
2517
8421
4145
5991
1969
1839
4308
6565
3762
9473
3681
1970
3147
7053
2708
6508
6715
4429
1066
7689
4663
1771
5541
6259
8631
3572
2514
966
5988
8170
8168
2199
655
3850
3444
2936
6278
9406
9427
313
7523
2371
3327
7073
3461
2173
9934
1102
5587
1417
1463
6153
6126
595
1495
9213
2406
7370
3859
3305
2496
4833
4223
4852
7879
519
6126
7793
1585
1465
1371
5444
7107
7271
4087
8099
6519
8596
5715
7552
2492
4753
8257
7590
4959
3357
886
7809
5865
5686
2019
259
2313
2435
1028
4101
468
2869
456
6731
7578
6074
1395
843
1274
3316
5024
511
8585
5722
8971
57
4095
8174
5038
2183
6658
7295
5722
6983
6231
9503
2232
4300
5590
1480
7408
5505
2702
2858
9818
557
5561
4120
5028
3656
5713
3332
3092
7182
6467
1320
7358
1074
3987
9094
4983
1364
7264
9714
6746
4390
425
6255
3163
1467
5792
4231
2619
2880
4718
6128
9948
4720
9079
2091
3766
7587
5808
2126
4825
1159
7518
3220
35
1314
5456
4147
9156
134
3360
751
6208
1478
2294
2589
7524
7976
9694
4090
189
9372
7419
301
1702
4844
523
6539
609
1827
6637
8186
7416
1827
5169
7623
4899
2514
415
3644
5436
3669
378
1676
7858
7952
9846
7137
5915
2988
4616
7288
2382
8074
333
3915
1056
5656
62
9616
4524
2129
7442
1984
4872
7049
3396
8026
8582
202
8775
5416
665
4552
8759
2755
1417
2844
3554
9443
6824
1999
8422
121
5733
1413
9917
5793
1873
2060
1175
9074
5985
2501
1622
3208
7395
1026
6720
6291
1988
929
9072
977
193
8
2254
922
876
5137
816
3803
1090
7912
2289
7253
9979
7299
2322
2902
7602
6369
654
2729
9734
2438
2274
5226
6463
8134
2972
4348
6453
9503
2307
5518
8333
7437
695
3179
661
3144
7659
961
1907
6576
3472
645
3592
2972
628
4196
6811
5535
5835
1229
3716
3532
4956
6158
9749
4620
3296
9724
3120
4526
6406
8983
3445
574
1691
6588
538
664
8104
877
353
2942
7004
623
4852
5625
7611
7842
8724
1149
135
3590
146
7328
3855
7804
1741
6909
9381
2779
9102
83
692
532
7312
6099
6161
1047
2405
5290
7569
9959
2628
2139
1228
7580
2471
1778
7440
8456
2148
9444
4745
6125
7210
4698
5616
1180
4815
6064
6226
9472
7479
9593
2482
3005
8536
5333
1105
7587
732
5638
1165
1064
4518
8399
5032
7508
3896
3438
3978
2638
8245
4059
4169
744
7362
4769
1049
6518
6467
558
2143
3061
5603
9190
2186
1226
3603
7004
1300
1768
423
1347
5396
4566
5230
1665
6152
2000
3617
9173
786
668
1597
1579
6224
7728
6260
2158
3425
3267
9312
734
452
5169
9562
1570
8211
9235
6890
1711
2064
4750
8960
7545
4767
1754
787
8217
4565
9942
2088
273
2815
7579
837
9388
9269
1886
3830
809
4640
7321
8319
9881
1626
3020
1411
454
5893
1984
2357
2999
336
8829
5950
1457
2405
365
2334
49
9094
8592
1270
119
3017
9313
5253
6117
4977
9160
1505
153
4591
6562
3576
4854
72
1134
3016
5050
9193
1945
1852
747
2521
8061
6344
259
8366
2885
4439
2718
9107
5268
3554
2050
7432
3799
2020
6735
1098
2792
3916
6182
9029
5316
3059
3758
4583
2399
1135
8357
70
5271
2342
7780
3877
406
8295
7686
2403
8252
5718
3035
7285
8428
6678
5960
101
949
2364
6385
7626
7157
2737
4841
8938
1593
7096
1033
4493
9768
7873
9935
9109
96
381
1561
5739
5584
5923
8499
6731
1849
5442
8606
6850
8287
6040
2769
9223
1588
6467
2083
3400
1158
5606
6938
9463
920
8366
5758
9685
9023
229
9298
9356
5470
3175
4196
1683
9988
7619
2946
2190
8275
2469
5519
