752
2911
1201
2155
3062
2216
1719
1837
1764
332
921
1467
303
1015
306
373
2492
2751
191
2829
1759
2714
589
1964
1645
201
1419
1126
1914
1353
1111
2830
1133
2683
3084
2426
1593
1673
1957
960
1048
448
1009
379
2010
247
267
1874
2951
3082
2038
258
821
582
551
2926
2169
2410
3036
459
1324
1314
2070
809
944
2047
2169
1137
1801
655
617
1798
1743
2452
1718
2911
1605
1534
2184
1067
2757
1765
1946
1110
1083
116
111
1774
1921
2323
553
1820
1038
1711
2923
2238
530
2713
1222
492
2580
2400
1909
1378
2280
2097
1281
2836
1705
434
1307
1227
2755
271
2247
1213
2103
2714
1539
307
798
237
635
1538
2486
1703
937
2252
2195
422
626
2729
2245
1103
2275
1769
253
1737
1685
2817
1271
1155
707
2359
1510
1809
2960
741
2362
1354
865
2543
429
921
2239
2574
337
2564
2245
1540
2886
2097
2530
2792
2281
2518
2330
703
1287
137
2396
1824
885
1571
2856
1991
2259
2953
2117
1506
1497
1868
1675
513
2817
813
1330
2892
2029
2710
895
2652
1169
2004
1544
2373
2028
2797
2963
416
1960
1579
2695
2571
1901
2508
2731
1934
1400
491
1919
2510
1778
1174
1882
2013
2118
2640
2076
1511
2689
2882
381
1261
1516
2776
2995
888
892
2437
1448
2455
1371
442
2496
1104
294
1157
2308
2274
709
716
2600
2913
2869
692
1142
1498
2792
1986
2754
2598
1735
1754
1488
279
1371
2512
1382
2307
1975
1247
2213
2738
2158
926
931
2403
1989
2498
1266
2392
1690
1304
1069
1134
2895
323
1795
224
2592
1360
1580
1879
2191
2188
1298
1178
1412
723
512
276
1597
2667
1844
2269
469
2590
574
777
2839
2072
1397
1787
2428
383
1606
2272
1398
2462
1163
706
2565
2904
1792
140
2221
2578
802
1976
534
1579
610
263
2118
2387
1829
2878
936
509
374
1326
820
452
1625
3033
717
1566
2139
3090
1015
2431
2688
1194
2493
1749
1386
2789
1534
288
325
2504
1804
2120
2690
670
824
258
1956
2808
479
2656
2827
499
2166
2103
1803
1045
481
2897
2815
631
334
1689
665
508
1105
1982
1288
2707
647
1905
388
265
515
673
1053
1491
3019
363
2329
240
855
1418
1937
1825
180
1073
423
768
1843
1525
1252
1128
564
655
1576
1819
1508
1724
2025
743
2143
2327
236
1043
598
1775
945
2281
2449
693
1742
2867
620
139
1080
1463
1869
1145
1928
478
626
2417
784
1679
2494
592
2467
1428
832
435
537
1071
1516
1312
1063
667
912
1882
1606
159
2513
1975
1560
2184
462
2089
2422
2225
1016
156
1840
147
2595
3084
1091
258
511
598
2141
458
1539
1853
2502
2247
280
564
267
962
1676
1756
1586
1938
1871
1334
2837
1375
2546
1449
173
2317
200
526
2273
1881
1356
303
2318
835
171
283
1934
151
207
1638
1580
2497
415
532
1229
2430
985
1577
2066
1196
542
1918
918
1684
2043
2843
869
2467
294
2658
1152
2389
2552
754
3029
1318
2368
195
707
3066
516
2099
3039
1042
1693
1862
1297
1711
1156
591
1191
1690
322
1560
1642
282
1377
1324
2002
2396
2992
2662
2996
1199
2321
2377
2814
1951
354
2278
2377
1671
2465
559
624
638
1117
1733
1733
294
2274
2330
1197
586
2709
942
2259
1357
903
1829
2806
3070
1069
611
1355
2027
1070
2612
823
1290
1690
2227
2940
2281
1444
1526
633
2078
3089
1834
1894
1771
3098
831
2659
2506
1205
2580
2997
2270
2903
603
2822
593
904
2303
2915
463
1875
1384
2748
1516
2606
561
525
2337
1748
1319
1389
2933
2864
1834
1158
1016
2036
2989
1256
375
262
1016
2558
2721
2440
1268
2004
3015
946
1470
456
790
2484
2894
306
2763
590
587
2009
334
2162
2006
3052
2436
1118
2137
732
2703
1944
2991
287
292
2556
1809
516
2793
148
1329
755
2765
2237
2693
111
1789
726
1228
1286
2971
1983
251
2080
435
728
934
135
2660
375
2015
2613
1707
1415
2395
2414
856
1515
1655
2905
2223
1332
1230
779
1105
1779
2595
1509
2264
2037
342
2158
1085
2241
1144
802
2782
2549
289
906
2469
2465
582
2630
2839
1498
2314
1732
1556
1763
1673
2727
680
2486
1656
2763
2032
1660
354
2402
420
1176
700
136
2116
2410
2486
984
738
2682
2693
168
2271
1443
2325
875
2621
2078
2780
456
2944
2561
2272
1074
1048
1803
2395
1455
1345
2871
2108
2525
836
491
600
1765
196
2215
2930
1420
2262
1665
736
992
1148
2073
1556
562
577
2591
1033
1992
349
2378
2541
2215
317
2615
1617
1153
1122
2634
1941
1703
1740
1955
1199
2627
1977
1745
2500
2014
1474
1797
1539
2266
1207
619
1915
526
1294
3024
544
1031
333
2121
1836
1270
2483
1543
1179
2599
1738
2770
324
2360
2619
2010
2250
2277
1910
1592
565
2440
507
172
1858
1462
862
1771
1933
1918
2092
2125
2353
1654
2746
1935
1546
2183
1994
1801
1454
1188
2018
987
2900
2299
1602
2208
2797
2169
2126
2172
1556
230
2057
867
583
698
1321
2472
219
2121
383
2566
618
128
1439
1049
1346
1123
2291
2616
1847
539
1942
2606
500
1255
613
2663
3072
1051
1176
1971
1869
501
1548
2314
605
3065
2210
626
1095
797
572
930
1794
2910
2735
237
978
1751
902
250
2032
2852
1421
908
1253
2611
2711
1377
2975
2370
3096
854
1801
2192
2793
2478
684
1570
2404
1550
598
565
1224
1618
1217
1216
2142
2371
950
2903
2327
2835
2816
1040
3026
2632
2485
297
1252
1610
916
2787
2943
832
1501
1603
948
1680
1007
1166
542
174
2288
1421
1409
1676
1568
935
469
1962
1685
557
2405
2416
208
1432
905
1186
1571
2408
2163
1353
1418
2551
2435
2265
484
2755
2607
1272
2980
212
2836
325
2923
2344
1524
1966
2746
3033
2888
426
2492
2931
483
2993
2592
1442
2502
2564
2487
492
2884
2823
2004
2038
3051
1141
2861
1451
1295
1386
2618
2495
2749
1598
2230
2115
1317
1371
1733
738
1861
2137
953
839
2854
1364
161
1203
1111
2208
1887
1756
1310
376
526
1504
895
341
2973
1484
2073
300
1119
3086
1098
885
2453
1280
2163
518
3094
2803
1499
2582
2158
2259
835
3099
2853
850
2171
1851
2461
2091
971
1423
2579
501
2461
963
2398
1119
899
1777
2423
1256
388
911
1374
2468
320
2440
655
264
2210
1285
1218
842
575
2611
606
2227
2760
2349
2936
281
971
226
3076
1338
3020
2644
601
2178
327
2464
2597
664
973
2342
244
1751
1095
2075
2268
609
2676
721
524
2376
1285
669
397
931
1063
1051
2958
781
2181
958
2752
1895
2645
2655
2748
547
627
1331
1933
923
876
751
770
1555
480
298
2517
645
417
2995
1260
1097
917
124
1844
2668
2691
1535
1713
466
1387
1170
694
851
1093
3098
2297
2318
850
2352
2946
1611
413
1917
420
2954
1483
2193
2123
2447
732
1184
2886
1263
2787
2972
901
2290
1359
1424
226
729
2513
717
2496
1668
1701
976
2678
1427
501
502
1862
2813
2927
250
1213
2272
827
1790
546
1951
3053
444
490
1424
2405
3040
564
1178
1623
636
2623
1100
2465
1964
2536
164
1827
1107
2604
430
2354
2997
1954
1892
2037
1835
754
920
2148
522
906
738
186
1845
1821
2145
2138
2775
3090
2143
245
2896
2359
1518
3078
1742
1209
470
3009
650
2510
1330
1246
2470
513
3042
3063
2709
1085
1417
1901
438
292
1294
2774
1827
1486
2821
177
1898
2305
1703
1169
836
1671
229
3050
1020
734
637
1022
1554
1607
1531
2389
2951
1012
1652
402
571
943
371
1254
252
1398
2458
3067
2807
1043
1225
1495
2920
697
2537
1660
939
2486
894
133
2974
1157
1325
408
1882
2945
2212
3071
461
1351
663
2826
2333
2177
675
2959
776
2965
2640
782
3002
1732
3056
942
1957
1608
2822
333
541
1688
2253
1466
3075
1952
2568
424
2160
399
107
1432
2676
101
705
465
2279
1068
968
2910
503
1637
133
1669
1490
150
2761
1833
2182
1265
1141
2821
1252
669
1912
2537
3090
218
2897
689
1107
401
589
1290
1219
494
2330
309
2934
2556
2399
2617
2649
616
1397
206
2332
2950
524
3054
1361
1435
2635
1935
1458
1260
1990
1858
131
968
264
3078
795
708
348
2006
2118
1661
161
428
2413
2352
2611
2986
2062
603
1275
3031
2442
2453
1245
2511
2683
1510
244
2827
757
2729
438
2135
1094
176
357
642
2693
1323
743
602
3020
2260
642
2315
575
1397
629
3049
1025
625
383
1249
1549
1752
640
1031
2297
2902
2583
222
539
544
2708
131
1292
2187
482
1639
2687
2862
732
830
1359
287
2408
1045
1233
1600
1480
396
2272
1555
2148
684
2913
2202
1724
646
1134
1535
2085
1205
1260
1922
1595
2412
1547
3039
1824
1441
965
2411
2217
135
996
2750
141
2327
1712
2427
112
979
100
1171
236
3027
1682
427
702
1982
867
608
2736
970
1596
1289
207
556
2776
2483
2793
729
2111
163
209
2652
1636
2208
2518
2459
2859
2866
870
1974
1819
1530
1815
761
330
2255
2414
907
1808
865
663
2746
1345
2154
1415
3047
1683
1592
2914
2161
1900
938
927
205
2661
2033
2945
336
2585
1161
2248
1579
1568
2980
2849
2184
2374
189
1733
689
1549
1495
1615
3077
1421
1977
515
1966
615
345
1441
390
1589
552
298
2906
2061
1762
1302
2270
1598
2202
1719
1586
1493
2493
2107
447
2093
1343
1440
121
109
899
3097
1634
2366
2486
2029
2365
1898
1747
2716
2491
3078
999
1426
2055
2027
3088
2659
2752
1292
2205
1801
1113
1101
178
1965
1506
830
742
2378
2746
1746
2031
936
2072
1295
2762
414
1114
2549
2431
702
1551
1621
2671
1380
745
2295
1479
1326
922
772
2575
2320
2565
476
456
2861
1857
2168
542
1971
2765
1608
305
546
2381
1142
110
549
381
387
2232
2215
1085
1061
1139
232
1323
974
2790
2485
2041
157
286
1877
1090
673
1136
481
1551
2842
1245
2049
2226
120
730
1121
2315
2157
619
1588
1169
2556
113
3066
421
2565
1228
961
2710
304
2790
485
2807
1955
1794
994
1773
2348
1044
778
1696
2970
1652
1756
3047
1827
2532
232
2775
1949
568
1136
397
2595
447
1491
432
1014
2381
2777
291
2525
511
1316
792
1147
1583
1517
2190
1369
913
1553
414
1436
1922
2686
2431
2369
2025
3030
1455
2180
2379
944
1154
2569
1977
1090
2121
2256
2135
2408
2709
994
2866
2200
2776
388
2725
424
873
2046
1068
1100
819
2471
380
1557
2103
1670
411
2483
2133
2775
1153
1501
250
1867
631
1372
1229
565
1203
1330
436
717
396
204
990
2213
1482
1164
2111
2226
1264
893
203
1412
425
165
1889
3034
1401
1735
1356
1973
2780
175
3021
2294
1154
893
2007
1858
2913
1189
754
1498
711
1860
2518
2810
2389
3063
439
2193
1162
2470
2652
2049
1572
1081
1847
464
2828
1541
458
2065
221
2269
512
863
2470
2026
2025
434
2629
220
1176
1259
1309
559
820
1893
2151
2092
1688
1232
2794
2468
516
143
1877
984
2534
367
3091
642
2933
907
3011
440
1047
509
1101
3027
1091
2487
1930
2314
2778
2746
358
1671
2802
2909
2519
2221
2570
2044
1246
2288
1250
2084
930
2152
1300
2963
2438
2800
2894
1602
1100
2730
131
2314
3067
923
2946
2402
2431
343
2752
2663
1656
1862
833
1448
2663
1141
2683
469
2873
1197
1985
621
1234
506
2672
830
2500
1156
2643
911
1266
1906
1031
2456
2209
241
404
903
299
525
1408
3022
2332
353
1183
572
2703
756
2274
1927
421
994
226
145
2862
169
765
501
1346
685
1745
1421
1738
1508
1865
1243
1553
1136
2260
1108
167
2851
2940
1853
393
1412
2963
2445
779
772
2642
1922
1725
1681
1095
2800
898
1133
1289
606
1020
798
2831
2220
345
3024
3010
2138
2521
3076
2198
1716
3046
2913
1863
1686
2572
1371
504
2457
3050
2526
883
269
2377
1183
1849
1618
2983
1201
1170
670
340
3048
1196
1297
1285
1180
3086
168
466
243
2236
577
1344
691
2678
2220
2125
322
1865
2943
2936
3098
622
1576
574
1814
302
3030
1889
558
1971
2246
1828
494
542
593
772
1583
500
1080
166
2849
553
750
2573
1955
2858
321
969
2565
2406
967
115
1852
1985
2856
415
424
2383
443
975
2391
2044
109
3018
1975
2990
1641
1844
1082
2648
2634
2008
3045
2545
1624
2114
280
1408
2764
2341
2393
1794
1349
879
1095
698
2090
301
1172
2840
1865
438
723
2216
1511
767
1114
1682
506
1785
437
170
942
2833
3037
772
682
1577
1107
970
346
2467
1128
184
2035
1674
1741
1536
222
1745
2444
2259
1485
549
1854
846
1996
1795
1931
2182
1671
807
1917
820
1523
1665
1126
2461
1870
948
1144
1643
418
1618
186
342
1249
1373
2209
751
2240
1524
364
2387
2335
208
1226
518
736
2845
2230
735
1916
609
782
650
2517
1845
2868
2864
2969
2380
189
335
682
2224
1981
210
780
2387
2008
2645
2156
2472
2370
2854
1272
586
1662
2524
2113
2976
1504
100
2962
1269
2175
2818
659
1719
305
1703
579
978
2335
2261
2447
2223
529
1423
979
826
1046
2025
1842
2642
3024
405
447
2655
3055
3044
781
685
825
1273
1473
1013
451
2294
1596
2212
2287
2895
2174
2790
783
754
556
2642
783
663
260
1444
2507
2778
1377
3008
1162
2360
2340
2873
2622
3027
2276
1402
905
2674
2068
2110
2511
1315
1294
2808
1625
2503
2594
2149
2266
1517
2217
1225
106
1364
2200
3007
2902
2266
2956
1522
1842
2626
710
1242
771
1403
2013
2078
1277
274
2756
2333
1153
2816
772
1893
2661
1326
656
1758
1452
2124
2208
2333
1871
2126
621
2323
1065
124
307
1556
2112
115
1946
1781
499
1619
754
2255
524
2244
1498
2336
2160
1593
1798
2432
1109
2334
516
437
1852
1182
2784
1488
1077
1673
1684
153
1544
2411
2930
2048
207
1084
2274
1544
2002
1025
2218
1972
500
2805
1985
1331
1408
1943
1259
1611
1429
2845
158
1707
2666
2927
2593
137
305
2703
1319
1397
312
1683
2687
2381
2557
2106
343
2656
1903
2530
226
713
286
871
1244
3006
512
351
917
1242
600
1174
373
605
2915
724
2144
148
745
1812
1009
1933
694
1573
162
2769
271
1073
198
2763
812
1180
666
523
1933
2798
1907
265
1610
1653
462
2399
628
2978
2729
2128
1953
2405
2617
2399
2159
2863
686
923
1087
2873
2459
1022
791
2712
2992
2534
546
2438
776
1900
1719
2339
1231
1451
1909
1552
2828
719
431
1033
514
1976
1775
1612
190
2669
1862
2250
2432
2437
1048
3034
2766
848
2272
1496
688
2041
1841
1200
3030
1136
399
2360
1363
2395
610
2250
2042
2081
1009
1554
596
806
1920
2712
643
1582
1327
1883
2817
3074
911
1686
2670
2321
1396
102
2780
687
1828
1937
1779
2221
2841
2167
2703
606
1645
625
2893
815
2764
704
3014
2684
559
921
1805
1613
864
3066
1970
2326
938
1681
2897
2273
880
2839
2025
1236
201
145
269
1918
381
2217
252
2320
1041
2922
2489
1993
327
2858
625
776
660
1292
2361
2266
485
126
456
3001
2241
2789
1815
1724
398
1694
1918
2970
478
2304
1784
3064
2562
1105
1686
1230
2428
1595
2911
810
2982
605
2039
1125
2699
2896
239
1073
1899
1042
2507
1678
2593
704
2351
1169
2418
1617
477
1168
3002
970
1211
1418
1803
2053
1856
3082
1236
1929
1658
1147
914
1504
1247
1199
2528
1806
401
1743
3091
2617
2707
2751
2783
463
1097
703
1939
1069
1859
2763
1427
578
1002
329
2221
2766
1585
1719
1439
1590
2886
1962
799
890
2352
2421
1605
1278
2608
768
1566
1331
606
2782
2806
3065
645
820
1397
892
1746
1182
2328
1277
536
1714
1535
1036
2246
2128
1436
2540
848
162
2726
1182
238
2291
1947
685
370
1162
392
1755
1749
2365
212
272
1448
1269
1204
1130
1533
796
1812
1786
2983
199
382
732
2235
1453
2704
1792
702
2247
873
1032
1649
2004
1881
991
2421
2710
2597
1995
1125
974
2486
293
471
1642
358
1753
1837
2593
1130
1479
144
1542
1540
441
2565
2753
1596
1866
2294
2992
1819
1394
1673
786
146
2392
3070
2339
877
898
282
1127
2635
1795
2618
586
1034
2524
1061
2070
202
989
496
840
788
346
2133
2031
1416
2419
1507
876
2618
2280
423
1681
1116
1058
1202
1499
3091
1686
637
104
2314
128
2179
2434
2107
2285
307
1113
1965
2096
2598
1683
2623
2311
1940
1143
2932
1304
1987
1874
1547
846
2171
2962
1353
461
364
1009
1367
2599
225
2328
2256
279
612
2157
817
1383
830
1128
1175
963
1149
1057
415
1811
2208
2893
245
800
2704
2812
2761
963
933
295
2831
3041
817
670
1958
1933
1365
1494
1006
2579
3044
2675
2565
2866
150
1312
1781
2423
2979
822
2568
534
3039
841
2651
619