1133
2338
2862
2791
706
1368
2293
1619
2730
244
2785
2282
2036
2729
3067
2480
1762
144
2775
556
2072
141
1704
594
2442
910
2107
1769
183
104
1289
582
2414
2283
248
1209
178
123
1358
2659
2084
1903
2474
1303
931
785
955
537
1525
2244
386
2302
278
1842
1006
1711
725
1631
2934
942
3059
764
1140
335
3015
1935
2257
2470
3068
2730
1424
2948
1534
130
1486
1241
1958
229
2904
2462
1988
1122
254
3029
2236
1929
1195
393
375
302
2601
3042
1529
2933
2267
1010
1615
1547
2515
1971
1191
3058
2292
2109
1912
1254
881
2810
2793
791
1825
1211
2686
2819
2368
1886
204
2397
2821
1684
576
2304
2586
765
891
430
2664
285
1595
858
2765
2597
2791
2096
781
185
1438
886
841
1836
218
1174
348
2498
840
2658
1204
2270
1117
948
1127
1079
267
416
150
1592
808
2246
1008
2869
2868
722
2484
2680
897
2074
352
2210
766
1365
788
173
317
1844
2987
2721
116
1858
713
1077
2043
2335
3015
1621
627
1163
225
3090
2480
426
2302
1901
778
1119
2210
647
1906
2279
1591
2896
781
1033
1345
3071
1876
3065
761
1794
321
1359
2313
2656
2656
1222
603
2438
1541
797
1213
1885
1347
2542
2570
2511
1734
1908
1359
476
2949
715
1418
2476
2260
1589
2921
2691
211
583
1540
839
123
2692
1548
272
397
2932
298
2390
897
2032
2378
1408
1939
342
121
1617
2457
941
197
1905
2648
1888
1326
2983
166
1381
2571
1410
2651
3014
2555
915
502
1249
1531
1859
1899
1961
2872
2933
2045
3048
1886
2033
1579
2496
669
1889
2581
837
1518
1830
991
2040
168
596
1970
2873
2832
2205
1592
357
1099
1069
2001
364
2639
190
320
250
2738
208
1167
2720
2418
2523
2579
295
2271
2683
1160
3062
1872
718
1227
279
750
2301
747
1038
2857
2070
1045
124
1869
1812
2118
964
2131
1745
2968
1813
1495
2363
172
117
2995
909
1653
1124
1168
1660
2913
2062
2201
578
1814
2540
2775
1808
2313
2297
1349
1075
1426
971
2143
659
604
1426
1556
2769
1355
1712
3080
977
1915
1060
1625
1198
634
1336
1091
1235
254
756
3091
2116
2552
2693
390
911
2609
506
1288
199
1061
2917
2130
1232
644
380
1870
885
197
702
1012
2756
1855
1530
213
2226
1615
333
2750
2763
603
2468
369
2518
2830
603
2300
2444
2406
1210
412
420
609
1937
456
1954
978
672
1706
1105
1495
2781
2308
2887
2225
2322
3065
115
2088
2601
1534
921
2290
2421
526
978
1298
1868
998
2329
2129
266
833
651
791
2874
991
1815
2529
2025
1709
2882
677
204
2581
2504
1411
1346
2460
2456
2491
2664
2666
2214
2817
3002
3079
735
1097
1553
2870
2921
1184
2030
829
1925
502
2097
2551
113
1639
2181
2499
2433
449
1727
2776
2785
1737
2187
2765
185
1677
2644
625
1230
2164
2332
383
1825
378
796
2940
273
208
2010
2694
1549
508
2217
1572
2782
2998
1088
1898
2310
715
1090
748
1815
1331
486
2683
492
2893
845
1185
2517
2146
2424
2263
2710
2531
2915
2090
521
2325
2122
575
224
2630
1974
930
813
2741
1274
2184
2711
1016
1952
2225
2316
1598
3051
2867
448
1360
334
2228
3083
186
2714
2407
2674
2248
1240
2973
1782
715
1166
2442
2237
1137
827
2051
2622
149
2292
793
1534
2161
1349
2473
265
1405
165
412
1479
3032
850
968
1966
1800
713
2538
1088
2098
1080
624
1462
2026
1256
1961
739
2139
1668
2203
542
364
2867
1593
1674
1601
2785
1007
1548
394
2429
2512
1222
1040
1152
853
830
902
2392
726
2723
761
966
2149
2469
2552
2075
1665
1157
580
608
930
378
461
3046
709
2038
2087
2177
2955
635
2831
518
2988
1017
1510
1444
1237
1702
2364
1613
2645
712
2198
2457
1035
1924
864
716
148
395
2977
1461
1691
970
450
2788
2473
422
1901
701
2270
2649
2150
2711
2419
731
2840
2371
349
1795
1437
819
1648
2369
838
622
1880
1013
465
2382
2889
424
1479
2774
2218
2543
273
2709
2668
1724
2835
558
1715
2242
1678
398
453
1241
2434
1573
2499
1219
1771
326
2393
2677
2911
1243
1206
888
854
441
1289
2253
1836
2510
2037
1443
1680
1809
1764
2394
645
2795
1110
2640
2851
1019
1502
3034
418
2962
1346
602
628
1679
843
2512
337
1141
1123
289
739
141
1732
2700
2256
368
341
2936
1458
416
1879
2104
2027
1511
882
1366
315
481
2793
153
789
389
2906
1163
3075
2250
2743
1454
1243
2844
3050
2723
1909
1350
980
3041
1718
1855
2437
3076
232
1633
1471
2554
2119
1401
867
2921
2850
2735
2209
1769
862
138
2809
2022
2129
3073
2586
2428
2898
857
189
2014
1923
1985
2522
2070
728
2569
2955
2804
2122
522
1333
2856
1150
2688
760
1556
1390
671
1932
2677
2742
1556
2869
640
1621
1904
421
195
1010
387
867
734
936
1918
829
2398
102
3033
2657
2174
2390
759
2097
1705
179
1719
1274
1430
260
1394
745
2494
1374
1289
2931
973
2201
427
2062
1799
2387
1015
1698
841
2479
219
348
1635
3079
886
2132
420
1087
319
2580
357
313
2126
1682
1494
2600
1533
505
2084
312
579
1138
699
400
3080
1306
953
2620
1183
2232
2156
508
1694
875
1705
1457
1539
2407
1369
731
2986
2913
1355
755
1441
2702
2346
1552
749
1866
1237
1815
2260
2261
1852
295
2874
997
949
1145
1026
2373
2499
1308
558
498
2665
1272
2148
525
489
2404
344
2326
1568
1949
1589
1098
2405
2160
2670
367
2623
2738