187
2128
2094
967
2163
851
280
227
2857
600
1851
1400
2182
2406
2575
1798
2739
1108
2164
455
1975
1321
1885
229
1424
2859
2081
2474
2052
1189
1869
1676
130
2543
2246
2076
1654
552
150
1143
1952
1387
1757
2565
776
492
2924
919
2955
1613
1211
1566
2315
2565
1287
628
2813
1077
134
2300
1015
2502
236
2368
2014
382
1326
2866
1593
1645
1733
1834
2194
674
1610
2071
2533
2168
3048
549
1871
2514
327
1978
750
1927
2345
2811
1590
2338
942
1672
2798
1783
2128
1474
746
1300
897
773
1740
3092
2836
1579
817
1692
1632
2216
769
143
2573
2402
467
1956
632
2847
181
464
663
1198
3093
674
3080
1656
2477
2449
1467
1606
690
3069
104
2208
468
2967
2703
1746
2669
361
1630
470
2931
1121
1323
1699
1995
626
2095
1288
1074
2801
672
105
2285
2241
695
2592
387
1044
1342
1303
600
732
585
1841
2610
2941
1370
786
542
292
637
2035
868
810
652
1112
308
1153
204
725
1845
1736
3096
2565
2512
338
2567
1793
1800
1306
868
2877
1690
639
666
1323
2710
2181
1635
1955
919
2069
2914
776
2358
2105
1719
1298
1132
1811
1034
546
385
988
1499
609
1986
2875
137
185
1110
2721
1964
858
1006
400
1857
301
728
1855
2363
2844
2771
745
2216
1069
513
2225
786
605
1631
2592
2674
812
1662
2281
2405
1406
2958
978
1746
2928
1680
2647
2018
327
1221
2236
1454
1117
1956
1086
1577
2451
1011
154
2727
2664
1665
1067
2307
2948
1967
381
507
2409
2436
1306
2006
458
522
2058
1796
1284
2383
3009
2650
1704
2420
3048
2576
193
652
2889
861
1950
1686
2139
1470
2722
3098
1477
959
1670
926
1910
2462
769
521
1806
1715
1926
737
2331
2166
2073
3026
1251
2948
1198
219
714
2996
1419
1022
1381
1926
1500
2506
841
1537
1169
2325
110
2407
2348
952
370
512
1396
2175
1768
3097
1282
1667
2819
1356
2159
2072
2325
2502
2361
731
460
2472
1938
1502
1787
3100
2110
166
1429
2229
1655
3085
2466
3064
1071
437
984
2509
2728
2368
2804
2700
397
704
2232
2419
580
1322
2144
2666
3046
288
2889
1321
1213
1899
2724
761
2657
1259
2931
1301
2748
1209
2759
2204
1352
1007
1305
1965
1567
1024
2969
1712
2191
491
1962
1469
2663
2513
1030
905
2123
320
920
1553
1952
523
2738
1448
426
989
788
1644
745
2525
705
3054
1634
2165
1326
1242
2027
794
1917
2085
1786
2348
1731
1055
2464
201
2509
2826
779
732
268
1112
727
821
1432
1973
727
2529
187
2933
665
2080
1806
2059
2010
1618
168
2119
2127
563
3074
303
520
1234
121
2324
2440
725
1519
1047
1871
2589
102
1662
2500
2897
2457
168
1839
2669
622
1840
1280
2249
456
2418
1681
2216
1258
1973
2671
1451
1564
2357
2803
508
1876
686
1714
2853
453
215
446
738
1361
1028
837
565
2574
1647
656
3000
2466
2826
1141
2305
1099
1169
526
1184
2822
1009
945
1661
2486
527
1155
1718
1916
2730
1522
2020
443
2839
2492
944
510
1888
1324
1520
969
2789
289
1247
1789
160
1272
2573
3094
1126
319
2092
2797
2151
1618
1124
113
2519
835
654
2056
505
245
2050
1261
2791
2513
2249
457
151
2300
869
174
618
2848
106
2116
780
2715
150
1832
1877
838
1243
944
882
2627
549
496
2533
267
1947
1599
128
934
1461
2381
2338
704
1195
874
2889
2827
1660
1214
508
2498
1829
1384
2297
2706
1984
1265
526
1169
2125
2222
3047
2168
2513
1770
355
2733
2430
954
2386
2055
2364
1277
2863
1331
2351
692
1853
533
3040
957
3049
3078
1391
2665
1356
1940
782
1244
1875
2608
1570
774
815
1687
2315
551
2997
3045
1912
478
909
2411
949
2620
1272
738
1752
2588
2641
1903
1621
1717
2542
1403
2112
1972
2640
594
1201
2032
2444
2735
2055
1537
1274
607
1159
2816
203
486
2909
2073
2457
2567
483
1727
2544
434
323
152
1077
1477
2050
1603
1390
2692
2625
2210
1277
2251
2518
2083
2899
1118
2646
1720
543
1721
2996
1879
1195
3016
733
1919
2770
3025
739
332
994
1605
2203
191
525
2668
1567
173
2410
403
2090
777
2880
515
2653
725
2091
405
2959
1691
345
905
2308
371
1571
2237
1806
1985
341
990
1871
1336
1357
2483
870
743
2855
1392
1004
2478
658
2918
850
1780
1266
3090
992
304
1620
957
941
1597
2160
1331
541
2472
951
2488
924
1094
139
372
2570
2456
1289
1133
2911
141
1663
2373
1774
1554
2467
1415
2328
2725
1930
581
127
1801
515
2210
2754
3082
2978
1047
1087
648
918
2443
2250
2155
2561
2730
2246
2761
1853
2787
666
3072
1109
2178
461
1671
2266
987
3058
596
561
2716
1964
1382
282
1947
2439
489
1153
582
2518
1380
1799
937
2758
785
1816
364
2926
2834
1741
1989
1799
2169
1036
897
2305
2472
1972
2822
2113
3065
1857
2298
516
3016
424
520
697
753
331
2902
2091
2748
2531
612
2960
1372
2117
3083
1924
2373
1882
935
1059
1540
883
844
137
614
345
1399
1291
468
1039
3004
2906
1835
806
2383
2659
782
103
852
2262
1145
2749
2655
2012
1309
1740
916
477
2155
1193
1652
834
630
116
1700
1945
2627
1721
970
2997
889
1649
3060
1083
1475
1959
2435
2870
2719
1609
100
1188
408
2130
1126
1899
1739
144
2610
584
1650
1631
2801
100
834
661
405
2896
405
998
1268
469
1476
1809
1960
1593
1510
2486
2149
1788
1055
1087
2624
2522
2784
2977
2722
2758
340
505
397
1376
2743
2755
2106
1225
732
695
1148
205
2963
1213
1750
1849
2254
835
1214
1890
433
1781
1350
1728
963
2034
986
2129
2982
2586
417
1736
2135
2460
1532
1009
2221
2043
779
2753
338
783
686
291
385
2633
2873
2134
911
359
1196
2470
2613
1264
1296
539
1655
3088
1120
475
1475
2975
1164
1817
1275
2890
709
1046
1549
1895
932
1274
1096
1541
2624
723
1409
911
2142
3035
2668
2657
1583
1332
3067
234
2510
2501
1029
1018
1347
2151
1695
838
1469
2575
758
1500
1350
2759
180
725
1365
953
2561
558
1365
2464
2585
127
886
721
129
1912
1350
189
2315
1154
491
2546
2334
528
1926
1428
2561
2718
670
1307
237
1832
2270
149
1786
684
1898
2446
753
2703
1258
1854
109
1647
564
1059
2606
1092
1321
3095
2754
536
1806
1517
2926
1808
1358
1651
1555
1911
2772
1044
814
957
246
1908
1575
2723
1449
916
170
1175
2695
1346
1641
2404
1891
2889
1210
2590
1607
2164
2067
175
1456
215
2742
243
2835
1307
438
769
2085
1466
1412
1849
1524
3036
2396
716
2532
2280
2164
2975
593
2058
1639
2816
976
2927
2884
1168
2977
1146
1346
1695
645
2333
667
407
1357
867
2889
892
2600
1462
1430
2988
500
2992
1368
2709
2187
358
1149
1847
795
603
2969
2203
639
2768
508
2334
1958
2376
2158
1927
238
2833
2288
113
2428
2686
395
104
2243
2763
2542
1488
1492
1746
1428
1282
2610
1332
1354
821
2447
369
2818
2946
516
2196
2577
1692
1670
1609
2981
2932
473
3074
924
2053
949
2572
2584
1579
2359
2414
837
1266
830
112
765
1973
1322
1043
2746
589
2609
2160
1861
2083
1174
2683
2547
2636
319
2801
455
2728
1308
761
778
1612
192
2652
1307
1269
2705
2371
2420
3031
2307
1525
534
742
2259
2131
1851
207
2389
671
2887
1754
444
2921
2127
1600
2371
3049
443
2391
910
818
1372
1370
1439
2282
2131
661
1639
811
763
2765
2434
2810
481
1732
221
969
485
2041
1598
822
1093
1422
2842
1253
993
1508
2661
1536
496
352
1756
1075
2741
1350
2601
1324
1621
1958
1327
3063
1088
2307
2709
1780
2954
2950
1720
622
2002
731
1819
1725
1917
1980
1191
2838
388
1245
1165
1379
1762
563
462
174
2987
2465
3030
1503
1201
970
1856
160
2304
1383
185
1577
2374
1425
805
2120
1174
781
825
1715
1166
891
234
282
2123
415
3066
1001
2236
2864
1371
2555
1380
758
1082
2710
742
1248
1019
2719
2440
1481
1976
1270
2218
643
2619
2725
1854
920
1947
1961
2511
2519
3050
1991
803
471
1858
2326
1205
1043
2958
576
640
1906
1614
2496
1773
1248
1693
360
1415
1963
2736
316
1558
564
1742
2939
2359
2956
1072
1229
1225
1730
2068
699
2478
2009
957
2694
1440
735
1913
1139
550
1787
3037
1990
325
538
2689
765
301
847
2045
3079
1918
732
925
523
1253
2853
1628
2551
1952
1788
2205
2891
775
1898
2781
1623
1636
2251
3026
1939
1255
377
591
1579
1572
858
1556
1432
2291
1705
2169
2551
1181
612
405
907
2848
527
2802
323
2823
730
1305
619
2499
1150
863
2049
1635
2554
1463
1724
850
1096
275
2822
2586
3079
894
1069
2879
2637
2915
2914
851
1556
302
119
3067
1362
1504
2393
2716
2045
2235
2610
1547
2185
1993
2669
2348
3047
2000
2663
2331
674
2681
133
1008
354
572
1572
589
975
2351
1100
2523
1515
2048
1423
1719
303
1501
132
1932
517
3098
1365
2606
608
229
1934
840
1527
1690
997
605
2348
2726
1980
1260
730
1152
553
1042
278
697
2578
1232
851
1230
2274
976
1630
554
2141
2111
1099
780
2215
2774
1354
1492
1304
568
1627
2186
2915
1970
2734
1429
966
958
3034
477
2966
708
1033
555
1047
1782
295
2892
1738
2163
2294
804
2426
2326
1678
1599
798
1762
2284
1571
2224
2643
2542
2421
2093
2656
1819
2843
1730
1284
2093
2572
1052
2737
2868
2063
2761
1565
2343
2533
2875
2181
692
1109
2066
448
409
2772
1657
2277
1537
1990
564
1886
2433
2118
2360
968
1362
687
3006
474
581
1146
451
2879
344
2110
2411
1096
1738
578
2993
1142
515
987
3062
1127
2796
2864
1426
1731
1641
1257
1611
1905
687
1225
1899
1919
1991
2632
2620
690
1135
1274
3066
1475
1085
1414
2614
2123
1993
334
316
1431
1551
1015
2552
2820
601
2460
1189
1136
2798
1437
2296
1426
226
3084
992
2681
955
412
2834
2979
774
2656
1007
1597
269
2553
198
2836
2363
3067
1931
1203
1391
115
432
1676
2403
1843
849
514
1302
1834
519
1931
2715
1347
1975
157
940
124
1609
1723
1427
1292
2479
2776
2021
152
2722
1013
1624
661
2789
2206
2352
1927
483
1200
1998
2557
1305
1220
2485
1221
1231
410
2530
2958
349
1482
1353
734
676
2916
2342
1894
1872
2937
152
2771
3063
3079
2045
1243
1250
111
1754
865
2452
2436
2540
1516
998
1082
2964
2343
665
1513
402
243
3015
2716
1056
1799
942
575
2979
2148
933
1315
501
2123
1000
2301
605
2038
1319
1400
1379
2079
518
383
2340
2637
701
686
2417
639
1700
2026
1319
1179
2332
2512
1185
696
3086
2988
218
1669
910
982
2634
1389
1741
684
2514
1865
1077
1107
297
369
1149
1738
3059
118
1694
1497
150
835
339
3008
932
800
751
1329
2237
958
1850
819
1911
2135
927
1686
1080
1165
2874
636
2628
2624
3045
1640
1468
2719
2712
2887
592
2338
670
719
3085
2647
681
229
136
2894
2202
807
3075
2034
1402
415
1879
524
212
974
630
1834
211
607
830
517
2691
2528
364
2778
2220
1386
2436
1603
1048
724
2710
1897
1149
2134